888,-21.81,0.00
890,-21.81,0.00
892,-35.59,0.00
894,-35.59,0.00
896,-21.81,0.00
898,-283.57,0.00
900,-21.81,0.00
902,-35.59,0.00
904,-35.59,0.00
906,-8.03,0.00
908,-35.59,0.00
910,-35.59,0.00
912,-35.59,0.00
914,5.74,0.00
916,-35.59,0.00
918,33.30,0.00
920,-35.59,0.00
922,-35.59,0.00
924,-35.59,0.00
926,-21.81,0.00
928,-21.81,0.00
930,33.30,0.00
932,-21.81,0.00
934,19.52,0.00
936,-21.81,0.00
938,-8.03,0.00
940,-35.59,0.00
942,-132.03,0.00
944,19.52,0.00
946,-21.81,0.00
948,-8.03,0.00
950,-8.03,0.00
952,-8.03,0.00
954,-8.03,0.00
956,33.30,0.00
958,-21.81,0.00
960,19.52,0.00
962,5.74,0.00
964,47.08,0.00
966,5.74,0.00
968,33.30,0.00
970,5.74,0.00
972,-8.03,0.00
974,-8.03,0.00
976,-104.47,0.00
978,5.74,0.00
980,5.74,0.00
982,47.08,0.00
984,5.74,0.00
986,5.74,0.00
988,5.74,0.00
990,-63.14,0.00
992,5.74,0.00
994,47.08,0.00
996,5.74,0.00
998,19.52,0.00
1000,5.74,0.00
1002,33.30,0.00
1004,5.74,0.00
1006,19.52,0.00
1008,19.52,0.00
1010,5.74,0.00
1012,19.52,0.00
1014,19.52,0.00
1016,19.52,0.00
1018,19.52,0.00
1020,47.08,0.00
1022,115.96,0.00
1024,33.30,0.00
1026,5.74,0.00
1028,33.30,0.00
1030,19.52,0.00
1032,19.52,0.00
1034,47.08,0.00
1036,19.52,0.00
1038,19.52,0.00
1040,33.30,0.00
1042,5.74,0.00
1044,5.74,0.00
1046,5.74,0.00
1048,47.08,0.00
1050,19.52,0.00
1052,5.74,0.00
1054,19.52,0.00
1056,5.74,0.00
1058,5.74,0.00
1060,19.52,0.00
1062,19.52,0.00
1064,33.30,0.00
1066,19.52,0.00
1068,19.52,0.00
1070,5.74,0.00
1072,5.74,0.00
1074,33.30,0.00
1076,19.52,0.00
1078,19.52,0.00
1080,19.52,0.00
1082,33.30,0.00
1084,74.63,0.00
1086,19.52,0.00
1088,-8.03,0.00
1090,5.74,0.00
1092,-104.47,0.00
1094,5.74,0.00
1096,-90.69,0.00
1098,5.74,0.00
1100,5.74,0.00
1102,5.74,0.00
1104,-8.03,0.00
1106,5.74,0.00
1108,5.74,0.00
1110,5.74,0.00
1112,-8.03,0.00
1114,5.74,0.00
1117,5.74,0.00
1119,-8.03,0.00
1121,5.74,0.00
1123,5.74,0.00
1125,-8.03,0.00
1127,-90.69,0.00
1129,-8.03,0.00
1131,5.74,0.00
1133,-8.03,0.00
1135,-8.03,0.00
1137,-8.03,0.00
1139,-8.03,0.00
1141,5.74,0.00
1143,5.74,0.00
1145,-8.03,0.00
1147,5.74,0.00
1149,5.74,0.00
1151,5.74,0.00
1153,5.74,0.00
1155,-8.03,0.00
1157,-8.03,0.00
1159,5.74,0.00
1161,5.74,0.00
1163,5.74,0.00
1165,5.74,0.00
1167,5.74,0.00
1169,5.74,0.00
1171,-8.03,0.00
1173,-8.03,0.00
1175,19.52,0.00
1177,-8.03,0.00
1179,47.08,0.00
1181,5.74,0.00
1183,5.74,0.00
1185,74.63,0.00
1187,-8.03,0.00
1189,5.74,0.00
1191,-8.03,0.00
1193,-8.03,0.00
1195,-8.03,0.00
1197,-8.03,0.00
1199,5.74,0.00
1201,5.74,0.00
1203,-8.03,0.00
1205,-8.03,0.00
1207,-8.03,0.00
1209,-8.03,0.00
1211,-8.03,0.00
1213,-8.03,0.00
1215,-8.03,0.00
1217,-8.03,0.00
1219,5.74,0.00
1221,-8.03,0.00
1223,-8.03,0.00
1225,33.30,0.00
1227,-8.03,0.00
1229,5.74,0.00
1231,5.74,0.00
1233,-8.03,0.00
1235,5.74,0.00
1237,-21.81,0.00
1239,-8.03,0.00
1241,-8.03,0.00
1243,-8.03,0.00
1245,5.74,0.00
1247,-8.03,0.00
1249,5.74,0.00
1251,-8.03,0.00
1253,-8.03,0.00
1255,-8.03,0.00
1257,-8.03,0.00
1259,-8.03,0.00
1261,19.52,0.00
1263,-8.03,0.00
1265,19.52,0.00
1267,5.74,0.00
1269,-8.03,0.00
1271,-8.03,0.00
1273,-8.03,0.00
1275,-8.03,0.00
1277,-8.03,0.00
1279,5.74,0.00
1281,-8.03,0.00
1283,-8.03,0.00
1285,-8.03,0.00
1287,-8.03,0.00
1289,-8.03,0.00
1291,-8.03,0.00
1293,-8.03,0.00
1295,5.74,0.00
1297,-8.03,0.00
1299,5.74,0.00
1301,-8.03,0.00
1303,5.74,0.00
1305,-8.03,0.00
1307,-8.03,0.00
1309,-8.03,0.00
1311,-8.03,0.00
1313,-8.03,0.00
1315,5.74,0.00
1317,-8.03,0.00
1319,5.74,0.00
1321,-8.03,0.00
1323,-8.03,0.00
1325,-8.03,0.00
1327,5.74,0.00
1329,-8.03,0.00
1331,5.74,0.00
1333,-8.03,0.00
1335,19.52,0.00
1337,5.74,0.00
1339,-8.03,0.00
1341,-8.03,0.00
1343,5.74,0.00
1345,-8.03,0.00
1347,-8.03,0.00
1349,-8.03,0.00
1351,5.74,0.00
1353,-8.03,0.00
1355,5.74,0.00
1357,-8.03,0.00
1359,-8.03,0.00
1361,-8.03,0.00
1363,19.52,0.00
1365,5.74,0.00
1367,-104.47,0.00
1369,5.74,0.00
1371,33.30,0.00
1373,5.74,0.00
1375,-8.03,0.00
1377,5.74,0.00
1379,5.74,0.00
1381,5.74,0.00
1383,5.74,0.00
1385,19.52,0.00
1387,5.74,0.00
1389,-8.03,0.00
1391,5.74,0.00
1393,5.74,0.00
1395,5.74,0.00
1397,19.52,0.00
1399,19.52,0.00
1401,5.74,0.00
1403,5.74,0.00
1405,5.74,0.00
1407,5.74,0.00
1409,5.74,0.00
1411,19.52,0.00
1413,5.74,0.00
1415,5.74,0.00
1417,5.74,0.00
1419,-8.03,0.00
1421,5.74,0.00
1423,-8.03,0.00
1425,5.74,0.00
1427,5.74,0.00
1429,5.74,0.00
1431,5.74,0.00
1433,5.74,0.00
1435,5.74,0.00
1437,5.74,0.00
1439,-8.03,0.00
1441,-21.81,0.00
1443,5.74,0.00
1445,5.74,0.00
1447,-8.03,0.00
1449,5.74,0.00
1451,-8.03,0.00
1453,-8.03,0.00
1455,5.74,0.00
1457,5.74,0.00
1459,-8.03,0.00
1461,5.74,0.00
1463,5.74,0.00
1465,5.74,0.00
1467,5.74,0.00
1469,19.52,0.00
1471,-8.03,0.00
1473,5.74,0.00
1475,5.74,0.00
1477,5.74,0.00
1479,5.74,0.00
1481,5.74,0.00
1483,5.74,0.00
1485,-8.03,0.00
1487,5.74,0.00
1489,5.74,0.00
1491,19.52,0.00
1493,-35.59,0.00
1495,5.74,0.00
1497,5.74,0.00
1499,5.74,0.00
1501,5.74,0.00
1503,-8.03,0.00
1505,-8.03,0.00
1507,-8.03,0.00
1509,-8.03,0.00
1511,5.74,0.00
1513,5.74,0.00
1515,5.74,0.00
1517,5.74,0.00
1519,5.74,0.00
1521,-8.03,0.00
1523,-8.03,0.00
1525,5.74,0.00
1527,-21.81,0.00
1529,5.74,0.00
1531,5.74,0.00
1533,5.74,0.00
1535,5.74,0.00
1537,-8.03,0.00
1539,5.74,0.00
1541,-8.03,0.00
1543,5.74,0.00
1545,5.74,0.00
1547,5.74,0.00
1549,19.52,0.00
1551,5.74,0.00
1553,5.74,0.00
1555,-8.03,0.00
1557,5.74,0.00
1559,33.30,0.00
1561,5.74,0.00
1563,5.74,0.00
1565,5.74,0.00
1567,5.74,0.00
1569,5.74,0.00
1571,5.74,0.00
1573,-8.03,0.00
1575,-8.03,0.00
1577,19.52,0.00
1579,-8.03,0.00
1581,5.74,0.00
1583,5.74,0.00
1585,-8.03,0.00
1587,5.74,0.00
1589,5.74,0.00
1591,-8.03,0.00
1593,-8.03,0.00
1595,19.52,0.00
1597,5.74,0.00
1599,5.74,0.00
1601,5.74,0.00
1603,-8.03,0.00
1605,5.74,0.00
1607,19.52,0.00
1609,-8.03,0.00
1611,-8.03,0.00
1613,-8.03,0.00
1615,-8.03,0.00
1617,33.30,0.00
1619,5.74,0.00
1621,5.74,0.00
1623,-8.03,0.00
1625,-8.03,0.00
1627,-8.03,0.00
1629,5.74,0.00
1631,5.74,0.00
1633,33.30,0.00
1635,33.30,0.00
1637,-8.03,0.00
1639,5.74,0.00
1641,5.74,0.00
1643,5.74,0.00
1645,-8.03,0.00
1647,5.74,0.00
1649,5.74,0.00
1651,-8.03,0.00
1653,5.74,0.00
1655,-8.03,0.00
1657,-8.03,0.00
1659,-8.03,0.00
1661,-8.03,0.00
1663,-8.03,0.00
1665,5.74,0.00
1667,5.74,0.00
1669,5.74,0.00
1671,-8.03,0.00
1673,-8.03,0.00
1675,-8.03,0.00
1677,5.74,0.00
1679,5.74,0.00
1681,-8.03,0.00
1683,47.08,0.00
1685,5.74,0.00
1687,-8.03,0.00
1689,-8.03,0.00
1691,-8.03,0.00
1693,5.74,0.00
1695,-8.03,0.00
1697,5.74,0.00
1699,5.74,0.00
1701,-8.03,0.00
1703,-8.03,0.00
1705,-8.03,0.00
1707,5.74,0.00
1709,5.74,0.00
1711,19.52,0.00
1713,5.74,0.00
1715,5.74,0.00
1717,5.74,0.00
1719,5.74,0.00
1721,-8.03,0.00
1723,-8.03,0.00
1725,5.74,0.00
1727,-8.03,0.00
1729,-8.03,0.00
1731,5.74,0.00
1733,-8.03,0.00
1735,5.74,0.00
1737,5.74,0.00
1739,-104.47,0.00
1741,5.74,0.00
1743,-8.03,0.00
1745,5.74,0.00
1747,5.74,0.00
1749,-8.03,0.00
1751,5.74,0.00
1753,19.52,0.00
1755,5.74,0.00
1757,-8.03,0.00
1759,-8.03,0.00
1761,-8.03,0.00
1763,19.52,0.00
1765,-90.69,0.00
1767,5.74,0.00
1769,-76.92,0.00
1771,-8.03,0.00
1773,-8.03,0.00
1775,-8.03,0.00
1777,5.74,0.00
1779,-8.03,0.00
1781,5.74,0.00
1783,5.74,0.00
1785,5.74,0.00
1787,19.52,0.00
1789,5.74,0.00
1791,5.74,0.00
1793,5.74,0.00
1795,5.74,0.00
1797,-8.03,0.00
1799,5.74,0.00
1801,5.74,0.00
1803,5.74,0.00
1805,-8.03,0.00
1807,-8.03,0.00
1809,-8.03,0.00
1811,5.74,0.00
1813,-8.03,0.00
1815,5.74,0.00
1817,5.74,0.00
1819,5.74,0.00
1821,19.52,0.00
1823,-8.03,0.00
1825,-8.03,0.00
1827,-8.03,0.00
1829,5.74,0.00
1831,19.52,0.00
1833,5.74,0.00
1835,-8.03,0.00
1837,-8.03,0.00
1839,5.74,0.00
1841,-8.03,0.00
1843,-8.03,0.00
1845,47.08,0.00
1847,5.74,0.00
1849,33.30,0.00
1851,-8.03,0.00
1853,5.74,0.00
1855,-8.03,0.00
1857,-8.03,0.00
1859,-8.03,0.00
1861,-21.81,0.00
1863,-8.03,0.00
1865,-8.03,0.00
1867,5.74,0.00
1869,-8.03,0.00
1871,-90.69,0.00
1873,5.74,0.00
1875,5.74,0.00
1877,-8.03,0.00
1879,-8.03,0.00
1881,5.74,0.00
1883,5.74,0.00
1885,5.74,0.00
1887,-8.03,0.00
1889,-8.03,0.00
1891,-8.03,0.00
1893,-8.03,0.00
1895,-8.03,0.00
1897,5.74,0.00
1899,5.74,0.00
1901,5.74,0.00
1903,-8.03,0.00
1905,5.74,0.00
1907,-8.03,0.00
1909,5.74,0.00
1911,5.74,0.00
1913,-8.03,0.00
1915,5.74,0.00
1917,5.74,0.00
1919,19.52,0.00
1921,-35.59,0.00
1923,-8.03,0.00
1925,-8.03,0.00
1927,-8.03,0.00
1929,-8.03,0.00
1931,5.74,0.00
1933,-8.03,0.00
1935,-8.03,0.00
1937,5.74,0.00
1939,-8.03,0.00
1941,-8.03,0.00
1943,-8.03,0.00
1945,-8.03,0.00
1947,5.74,0.00
1949,5.74,0.00
1951,5.74,0.00
1953,5.74,0.00
1955,-8.03,0.00
1957,-8.03,0.00
1959,5.74,0.00
1961,-8.03,0.00
1963,-8.03,0.00
1965,5.74,0.00
1967,5.74,0.00
1969,-8.03,0.00
1971,-8.03,0.00
1973,5.74,0.00
1975,-8.03,0.00
1977,-8.03,0.00
1979,-8.03,0.00
1981,5.74,0.00
1983,19.52,0.00
1985,-8.03,0.00
1987,-8.03,0.00
1989,-8.03,0.00
1991,-8.03,0.00
1993,5.74,0.00
1995,-8.03,0.00
1997,5.74,0.00
1999,5.74,0.00
2001,5.74,0.00
2003,5.74,0.00
2005,5.74,0.00
2007,-8.03,0.00
2009,5.74,0.00
2011,5.74,0.00
2013,5.74,0.00
2015,5.74,0.00
2017,5.74,0.00
2019,5.74,0.00
2021,-8.03,0.00
2023,-8.03,0.00
2025,5.74,0.00
2027,33.30,0.00
2029,-8.03,0.00
2031,5.74,0.00
2033,5.74,0.00
2035,-8.03,0.00
2037,5.74,0.00
2039,5.74,0.00
2041,-8.03,0.00
2043,5.74,0.00
2045,5.74,0.00
2047,5.74,0.00
2049,5.74,0.00
2051,5.74,0.00
2053,5.74,0.00
2055,5.74,0.00
2057,-8.03,0.00
2059,-8.03,0.00
2061,-8.03,0.00
2063,5.74,0.00
2065,5.74,0.00
2067,-8.03,0.00
2069,5.74,0.00
2071,-8.03,0.00
2073,5.74,0.00
2075,5.74,0.00
2077,-8.03,0.00
2079,-8.03,0.00
2081,5.74,0.00
2083,-8.03,0.00
2085,-8.03,0.00
2087,-8.03,0.00
2089,-8.03,0.00
2091,-8.03,0.00
2093,-63.14,0.00
2095,-8.03,0.00
2097,5.74,0.00
2099,5.74,0.00
2101,5.74,0.00
2103,5.74,0.00
2105,5.74,0.00
2107,5.74,0.00
2109,-8.03,0.00
2111,-8.03,0.00
2113,-8.03,0.00
2115,5.74,0.00
2117,5.74,0.00
2119,-8.03,0.00
2121,-8.03,0.00
2123,-8.03,0.00
2125,5.74,0.00
2127,-8.03,0.00
2129,-8.03,0.00
2131,-8.03,0.00
2133,-8.03,0.00
2135,-159.58,0.00
2137,5.74,0.00
2139,-8.03,0.00
2141,-8.03,0.00
2143,5.74,0.00
2145,5.74,0.00
2147,5.74,0.00
2149,5.74,0.00
2151,-8.03,0.00
2153,19.52,0.00
2155,-8.03,0.00
2157,-8.03,0.00
2159,-8.03,0.00
2161,5.74,0.00
2163,5.74,0.00
2165,5.74,0.00
2167,5.74,0.00
2169,-8.03,0.00
2171,-8.03,0.00
2173,-21.81,0.00
2175,-8.03,0.00
2177,5.74,0.00
2179,5.74,0.00
2181,-8.03,0.00
2183,5.74,0.00
2185,-269.80,0.00
2187,-8.03,0.00
2189,5.74,0.00
2191,-132.03,0.00
2193,-8.03,0.00
2195,5.74,0.00
2197,19.52,0.00
2199,5.74,0.00
2201,5.74,0.00
2203,5.74,0.00
2205,-8.03,0.00
2207,-8.03,0.00
2209,-8.03,0.00
2211,5.74,0.00
2213,-8.03,0.00
2215,5.74,0.00
2217,5.74,0.00
2219,19.52,0.00
2221,-8.03,0.00
2223,-8.03,0.00
2225,-8.03,0.00
2227,5.74,0.00
2229,5.74,0.00
2231,5.74,0.00
2233,-8.03,0.00
2235,5.74,0.00
2237,5.74,0.00
2239,-104.47,0.00
2241,-8.03,0.00
2243,-8.03,0.00
2245,19.52,0.00
2247,-8.03,0.00
2249,19.52,0.00
2251,5.74,0.00
2253,-8.03,0.00
2255,-21.81,0.00
2257,-8.03,0.00
2259,5.74,0.00
2261,5.74,0.00
2263,-8.03,0.00
2265,5.74,0.00
2267,-104.47,0.00
2269,-8.03,0.00
2271,-8.03,0.00
2273,-8.03,0.00
2275,5.74,0.00
2277,5.74,0.00
2279,5.74,0.00
2281,5.74,0.00
2283,-8.03,0.00
2285,-8.03,0.00
2287,5.74,0.00
2289,-104.47,0.00
2291,-8.03,0.00
2293,-8.03,0.00
2295,-8.03,0.00
2297,5.74,0.00
2299,5.74,0.00
2301,-35.59,0.00
2303,5.74,0.00
2305,-8.03,0.00
2307,-8.03,0.00
2309,-8.03,0.00
2311,-8.03,0.00
2313,-8.03,0.00
2315,5.74,0.00
2317,5.74,0.00
2319,-8.03,0.00
2321,-8.03,0.00
2323,-8.03,0.00
2325,-8.03,0.00
2327,-8.03,0.00
2329,-8.03,0.00
2331,-8.03,0.00
2333,5.74,0.00
2335,-8.03,0.00
2337,-8.03,0.00
2339,-8.03,0.00
2341,19.52,0.00
2343,5.74,0.00
2345,-8.03,0.00
2347,5.74,0.00
2349,5.74,0.00
2351,5.74,0.00
2353,5.74,0.00
2355,5.74,0.00
2357,-8.03,0.00
2359,-8.03,0.00
2361,-8.03,0.00
2363,5.74,0.00
2365,5.74,0.00
2367,5.74,0.00
2369,5.74,0.00
2371,-8.03,0.00
2373,-8.03,0.00
2375,5.74,0.00
2377,-8.03,0.00
2379,5.74,0.00
2381,5.74,0.00
2383,5.74,0.00
2385,5.74,0.00
2387,5.74,0.00
2389,-8.03,0.00
2391,5.74,0.00
2393,-8.03,0.00
2395,-8.03,0.00
2397,5.74,0.00
2399,5.74,0.00
2401,-21.81,349.00
2403,47.08,349.00
2405,19.52,349.00
2407,-90.69,349.00
2409,-35.59,349.00
2411,-21.81,349.00
2413,19.52,349.00
2415,47.08,349.00
2417,33.30,349.00
2419,60.85,349.00
2421,47.08,349.00
2423,-21.81,349.00
2425,60.85,349.00
2427,74.63,349.00
2429,-8.03,349.00
2431,88.41,349.00
2433,74.63,349.00
2435,115.96,349.00
2437,-8.03,349.00
2439,129.74,349.00
2441,129.74,349.00
2443,129.74,349.00
2445,157.29,349.00
2447,143.51,349.00
2449,171.07,349.00
2451,184.85,349.00
2453,198.62,349.00
2455,212.40,349.00
2457,212.40,349.00
2459,281.28,349.00
2461,198.62,349.00
2463,198.62,349.00
2465,226.18,349.00
2467,212.40,349.00
2469,295.06,349.00
2471,295.06,349.00
2473,295.06,349.00
2475,377.72,349.00
2477,267.51,349.00
2479,267.51,349.00
2481,363.95,349.00
2483,377.72,349.00
2485,350.17,349.00
2487,295.06,349.00
2489,460.39,349.00
2491,336.39,349.00
2493,432.83,349.00
2495,446.61,349.00
2497,487.94,349.00
2499,474.16,349.00
2501,432.83,349.00
2503,487.94,349.00
2505,501.72,349.00
2507,501.72,349.00
2509,515.49,349.00
2511,515.49,349.00
2513,515.49,349.00
2515,501.72,349.00
2517,446.61,349.00
2519,460.39,349.00
2521,529.27,349.00
2523,419.05,349.00
2525,529.27,349.00
2527,391.50,349.00
2529,529.27,349.00
2531,543.05,349.00
2533,515.49,349.00
2535,529.27,349.00
2537,515.49,349.00
2539,515.49,349.00
2541,501.72,349.00
2543,515.49,349.00
2545,501.72,349.00
2547,515.49,349.00
2549,487.94,349.00
2551,487.94,349.00
2553,501.72,349.00
2555,487.94,349.00
2557,474.16,349.00
2559,487.94,349.00
2561,474.16,349.00
2563,474.16,349.00
2565,460.39,349.00
2567,460.39,349.00
2569,460.39,349.00
2571,419.05,349.00
2573,446.61,349.00
2575,432.83,349.00
2577,432.83,349.00
2579,405.28,349.00
2581,432.83,349.00
2583,405.28,349.00
2585,419.05,349.00
2587,405.28,349.00
2589,336.39,349.00
2591,405.28,349.00
2593,391.50,349.00
2595,391.50,349.00
2597,391.50,349.00
2599,363.95,349.00
2601,377.72,349.00
2603,419.05,349.00
2605,267.51,349.00
2607,363.95,349.00
2609,363.95,349.00
2611,350.17,349.00
2613,363.95,349.00
2615,350.17,349.00
2617,350.17,349.00
2619,350.17,349.00
2621,308.84,349.00
2623,336.39,349.00
2625,350.17,349.00
2627,336.39,349.00
2629,336.39,349.00
2631,336.39,349.00
2633,322.62,349.00
2635,322.62,349.00
2637,322.62,349.00
2639,322.62,349.00
2641,308.84,349.00
2643,308.84,349.00
2645,322.62,349.00
2647,308.84,349.00
2649,308.84,349.00
2651,308.84,349.00
2653,336.39,349.00
2655,308.84,349.00
2657,322.62,349.00
2659,308.84,349.00
2661,308.84,349.00
2663,350.17,349.00
2665,336.39,349.00
2667,308.84,349.00
2669,308.84,349.00
2671,322.62,349.00
2673,308.84,349.00
2675,295.06,349.00
2677,295.06,349.00
2679,198.62,349.00
2681,308.84,349.00
2683,295.06,349.00
2685,295.06,349.00
2687,295.06,349.00
2689,212.40,349.00
2691,295.06,349.00
2693,295.06,349.00
2695,295.06,349.00
2697,295.06,349.00
2699,295.06,349.00
2701,295.06,349.00
2703,308.84,349.00
2705,226.18,349.00
2707,281.28,349.00
2709,281.28,349.00
2711,198.62,349.00
2713,295.06,349.00
2715,295.06,349.00
2717,295.06,349.00
2719,295.06,349.00
2721,295.06,349.00
2723,295.06,349.00
2725,184.85,349.00
2727,281.28,349.00
2729,295.06,349.00
2731,295.06,349.00
2733,267.51,349.00
2735,363.95,349.00
2737,295.06,349.00
2739,295.06,349.00
2741,308.84,349.00
2743,295.06,349.00
2745,253.73,349.00
2747,363.95,349.00
2749,322.62,349.00
2751,308.84,349.00
2753,363.95,349.00
2755,308.84,349.00
2757,308.84,349.00
2759,391.50,349.00
2761,322.62,349.00
2763,322.62,349.00
2765,253.73,349.00
2767,336.39,349.00
2769,405.28,349.00
2771,322.62,349.00
2773,336.39,349.00
2775,322.62,349.00
2777,267.51,349.00
2779,336.39,349.00
2781,322.62,349.00
2783,336.39,349.00
2785,267.51,349.00
2787,336.39,349.00
2789,336.39,349.00
2791,239.95,349.00
2793,308.84,349.00
2795,350.17,349.00
2797,363.95,349.00
2799,350.17,349.00
2801,363.95,349.00
2803,363.95,349.00
2805,350.17,349.00
2807,363.95,349.00
2809,363.95,349.00
2811,363.95,349.00
2813,363.95,349.00
2815,377.72,349.00
2817,363.95,349.00
2819,336.39,349.00
2821,363.95,349.00
2823,350.17,349.00
2825,350.17,349.00
2827,363.95,349.00
2829,377.72,349.00
2831,363.95,349.00
2833,363.95,349.00
2835,363.95,349.00
2837,363.95,349.00
2839,363.95,349.00
2841,363.95,349.00
2843,363.95,349.00
2845,363.95,349.00
2847,377.72,349.00
2849,363.95,349.00
2851,363.95,349.00
2853,363.95,349.00
2855,363.95,349.00
2857,363.95,349.00
2859,363.95,349.00
2861,350.17,349.00
2863,363.95,349.00
2865,363.95,349.00
2867,363.95,349.00
2869,363.95,349.00
2871,363.95,349.00
2873,350.17,349.00
2875,363.95,349.00
2877,363.95,349.00
2879,363.95,349.00
2881,377.72,349.00
2883,363.95,349.00
2885,363.95,349.00
2887,363.95,349.00
2889,363.95,349.00
2891,363.95,349.00
2893,363.95,349.00
2895,363.95,349.00
2897,377.72,349.00
2899,363.95,349.00
2901,377.72,349.00
2903,363.95,349.00
2905,391.50,349.00
2907,363.95,349.00
2909,363.95,349.00
2911,295.06,349.00
2913,363.95,349.00
2915,363.95,349.00
2917,267.51,349.00
2919,363.95,349.00
2921,377.72,349.00
2923,350.17,349.00
2925,350.17,349.00
2927,363.95,349.00
2929,363.95,349.00
2931,350.17,349.00
2933,363.95,349.00
2935,350.17,349.00
2937,350.17,349.00
2939,350.17,349.00
2941,350.17,349.00
2943,350.17,349.00
2945,350.17,349.00
2947,350.17,349.00
2949,350.17,349.00
2951,350.17,349.00
2953,350.17,349.00
2955,350.17,349.00
2957,419.05,349.00
2959,336.39,349.00
2961,336.39,349.00
2963,350.17,349.00
2965,350.17,349.00
2967,350.17,349.00
2969,350.17,349.00
2971,350.17,349.00
2973,336.39,349.00
2975,336.39,349.00
2977,350.17,349.00
2979,350.17,349.00
2981,350.17,349.00
2983,336.39,349.00
2985,336.39,349.00
2987,336.39,349.00
2989,336.39,349.00
2991,336.39,349.00
2993,336.39,349.00
2995,350.17,349.00
2997,336.39,349.00
2999,363.95,349.00
3001,336.39,349.00
3003,336.39,349.00
3005,239.95,349.00
3007,322.62,349.00
3009,336.39,349.00
3011,336.39,349.00
3013,336.39,349.00
3015,336.39,349.00
3017,322.62,349.00
3019,350.17,349.00
3021,226.18,349.00
3023,350.17,349.00
3025,322.62,349.00
3027,239.95,349.00
3029,322.62,349.00
3031,350.17,349.00
3033,336.39,349.00
3035,336.39,349.00
3037,322.62,349.00
3039,336.39,349.00
3041,322.62,349.00
3043,336.39,349.00
3045,336.39,349.00
3047,350.17,349.00
3049,322.62,349.00
3051,336.39,349.00
3053,322.62,349.00
3055,336.39,349.00
3057,336.39,349.00
3059,350.17,349.00
3061,350.17,349.00
3063,350.17,349.00
3065,336.39,349.00
3067,336.39,349.00
3069,350.17,349.00
3071,350.17,349.00
3073,336.39,349.00
3075,350.17,349.00
3077,336.39,349.00
3079,350.17,349.00
3081,350.17,349.00
3083,336.39,349.00
3085,336.39,349.00
3087,336.39,349.00
3089,336.39,349.00
3091,336.39,349.00
3093,350.17,349.00
3095,336.39,349.00
3097,336.39,349.00
3099,336.39,349.00
3101,336.39,349.00
3103,350.17,349.00
3105,336.39,349.00
3107,322.62,349.00
3109,350.17,349.00
3111,336.39,349.00
3113,226.18,349.00
3115,350.17,349.00
3117,336.39,349.00
3119,350.17,349.00
3121,350.17,349.00
3123,336.39,349.00
3125,336.39,349.00
3127,336.39,349.00
3129,350.17,349.00
3131,350.17,349.00
3133,336.39,349.00
3135,350.17,349.00
3137,350.17,349.00
3139,336.39,349.00
3141,336.39,349.00
3143,350.17,349.00
3145,350.17,349.00
3147,363.95,349.00
3149,350.17,349.00
3151,350.17,349.00
3153,350.17,349.00
3155,350.17,349.00
3157,336.39,349.00
3159,350.17,349.00
3161,350.17,349.00
3163,350.17,349.00
3165,129.74,349.00
3167,350.17,349.00
3169,350.17,349.00
3171,281.28,349.00
3173,350.17,349.00
3175,350.17,349.00
3177,336.39,349.00
3179,350.17,349.00
3181,336.39,349.00
3183,350.17,349.00
3185,336.39,349.00
3187,336.39,349.00
3189,336.39,349.00
3191,336.39,349.00
3193,350.17,349.00
3195,336.39,349.00
3197,350.17,349.00
3199,350.17,349.00
3201,350.17,349.00
3203,336.39,349.00
3205,336.39,349.00
3207,336.39,349.00
3209,336.39,349.00
3211,336.39,349.00
3213,350.17,349.00
3215,350.17,349.00
3217,336.39,349.00
3219,143.51,349.00
3221,336.39,349.00
3223,350.17,349.00
3225,336.39,349.00
3227,350.17,349.00
3229,336.39,349.00
3231,350.17,349.00
3233,350.17,349.00
3235,350.17,349.00
3237,336.39,349.00
3239,336.39,349.00
3241,336.39,349.00
3243,363.95,349.00
3245,350.17,349.00
3247,350.17,349.00
3249,350.17,349.00
3251,350.17,349.00
3253,336.39,349.00
3255,336.39,349.00
3257,336.39,349.00
3259,322.62,349.00
3261,350.17,349.00
3263,336.39,349.00
3265,350.17,349.00
3267,350.17,349.00
3269,350.17,349.00
3271,336.39,349.00
3273,336.39,349.00
3275,336.39,349.00
3277,336.39,349.00
3279,350.17,349.00
3281,350.17,349.00
3283,336.39,349.00
3285,336.39,349.00
3287,350.17,349.00
3289,336.39,349.00
3291,322.62,349.00
3293,336.39,349.00
3295,336.39,349.00
3297,350.17,349.00
3299,350.17,349.00
3301,350.17,349.00
3303,350.17,349.00
3305,336.39,349.00
3307,336.39,349.00
3309,350.17,349.00
3311,350.17,349.00
3313,350.17,349.00
3315,350.17,349.00
3317,350.17,349.00
3319,350.17,349.00
3321,336.39,349.00
3323,336.39,349.00
3325,350.17,349.00
3327,363.95,349.00
3329,295.06,349.00
3331,350.17,349.00
3333,350.17,349.00
3335,363.95,349.00
3337,336.39,349.00
3339,336.39,349.00
3341,336.39,349.00
3343,350.17,349.00
3345,350.17,349.00
3347,350.17,349.00
3349,350.17,349.00
3351,336.39,349.00
3353,350.17,349.00
3355,336.39,349.00
3357,336.39,349.00
3359,350.17,349.00
3361,336.39,349.00
3363,350.17,349.00
3365,350.17,349.00
3367,350.17,349.00
3369,336.39,349.00
3371,336.39,349.00
3373,350.17,349.00
3375,336.39,349.00
3377,350.17,349.00
3379,350.17,349.00
3381,363.95,349.00
3383,336.39,349.00
3385,350.17,349.00
3387,350.17,349.00
3389,350.17,349.00
3391,336.39,349.00
3393,350.17,349.00
3395,350.17,349.00
3397,350.17,349.00
3399,350.17,349.00
3401,350.17,349.00
3403,336.39,349.00
3405,336.39,349.00
3407,350.17,349.00
3409,295.06,349.00
3411,336.39,349.00
3413,336.39,349.00
3415,391.50,349.00
3417,350.17,349.00
3419,336.39,349.00
3421,350.17,349.00
3423,377.72,349.00
3425,363.95,349.00
3427,350.17,349.00
3429,350.17,349.00
3431,336.39,349.00
3433,336.39,349.00
3435,350.17,349.00
3437,336.39,349.00
3439,336.39,349.00
3441,336.39,349.00
3443,336.39,349.00
3445,350.17,349.00
3447,350.17,349.00
3449,350.17,349.00
3451,336.39,349.00
3453,350.17,349.00
3455,350.17,349.00
3457,336.39,349.00
3459,350.17,349.00
3461,350.17,349.00
3463,350.17,349.00
3465,350.17,349.00
3467,350.17,349.00
3469,350.17,349.00
3471,336.39,349.00
3473,336.39,349.00
3475,350.17,349.00
3477,350.17,349.00
3479,350.17,349.00
3481,350.17,349.00
3483,350.17,349.00
3485,350.17,349.00
3487,336.39,349.00
3489,336.39,349.00
3491,336.39,349.00
3493,336.39,349.00
3495,363.95,349.00
3497,350.17,349.00
3499,336.39,349.00
3501,350.17,349.00
3503,336.39,349.00
3505,336.39,349.00
3507,336.39,349.00
3509,350.17,349.00
3511,350.17,349.00
3513,350.17,349.00
3515,350.17,349.00
3517,350.17,349.00
3519,350.17,349.00
3521,336.39,349.00
3523,336.39,349.00
3525,336.39,349.00
3527,336.39,349.00
3529,350.17,349.00
3531,350.17,349.00
3533,350.17,349.00
3535,336.39,349.00
3537,336.39,349.00
3539,336.39,349.00
3541,336.39,349.00
3543,350.17,349.00
3545,350.17,349.00
3547,363.95,349.00
3549,350.17,349.00
3551,350.17,349.00
3553,350.17,349.00
3555,336.39,349.00
3557,336.39,349.00
3559,350.17,349.00
3561,363.95,349.00
3563,350.17,349.00
3565,336.39,349.00
3567,350.17,349.00
3569,336.39,349.00
3571,350.17,349.00
3573,336.39,349.00
3575,322.62,349.00
3577,336.39,349.00
3579,350.17,349.00
3581,363.95,349.00
3583,350.17,349.00
3585,336.39,349.00
3587,336.39,349.00
3589,350.17,349.00
3591,336.39,349.00
3593,336.39,349.00
3595,350.17,349.00
3597,336.39,349.00
3599,350.17,349.00
3601,350.17,349.00
3603,336.39,349.00
3605,363.95,349.00
3607,350.17,349.00
3609,336.39,349.00
3611,350.17,349.00
3613,350.17,349.00
3615,350.17,349.00
3617,350.17,349.00
3619,350.17,349.00
3621,350.17,349.00
3623,391.50,349.00
3625,336.39,349.00
3627,336.39,349.00
3629,350.17,349.00
3631,350.17,349.00
3633,350.17,349.00
3635,336.39,349.00
3637,350.17,349.00
3639,336.39,349.00
3641,336.39,349.00
3643,336.39,349.00
3645,350.17,349.00
3647,350.17,349.00
3649,350.17,349.00
3651,350.17,349.00
3653,350.17,349.00
3655,350.17,349.00
3657,322.62,349.00
3659,350.17,349.00
3661,350.17,349.00
3663,350.17,349.00
3665,336.39,349.00
3667,336.39,349.00
3669,350.17,349.00
3671,308.84,349.00
3673,336.39,349.00
3675,336.39,349.00
3677,350.17,349.00
3679,350.17,349.00
3681,336.39,349.00
3683,350.17,349.00
3685,350.17,349.00
3687,350.17,349.00
3689,336.39,349.00
3691,336.39,349.00
3693,350.17,349.00
3695,350.17,349.00
3697,336.39,349.00
3699,295.06,349.00
3701,350.17,349.00
3703,336.39,349.00
3705,336.39,349.00
3707,336.39,349.00
3709,350.17,349.00
3711,350.17,349.00
3713,350.17,349.00
3715,350.17,349.00
3717,350.17,349.00
3719,350.17,349.00
3721,350.17,349.00
3723,336.39,349.00
3725,363.95,349.00
3727,350.17,349.00
3729,350.17,349.00
3731,363.95,349.00
3733,350.17,349.00
3735,350.17,349.00
3737,336.39,349.00
3739,350.17,349.00
3741,336.39,349.00
3743,350.17,349.00
3745,350.17,349.00
3747,377.72,349.00
3749,336.39,349.00
3751,350.17,349.00
3753,350.17,349.00
3755,336.39,349.00
3757,336.39,349.00
3759,336.39,349.00
3761,350.17,349.00
3763,350.17,349.00
3765,350.17,349.00
3767,336.39,349.00
3769,336.39,349.00
3771,336.39,349.00
3773,336.39,349.00
3775,336.39,349.00
3777,350.17,349.00
3779,350.17,349.00
3781,350.17,349.00
3783,350.17,349.00
3785,350.17,349.00
3787,350.17,349.00
3789,336.39,349.00
3791,336.39,349.00
3793,350.17,349.00
3795,336.39,349.00
3797,350.17,349.00
3799,350.17,349.00
3801,336.39,349.00
3803,336.39,349.00
3805,350.17,349.00
3807,336.39,349.00
3809,350.17,349.00
3811,391.50,349.00
3813,336.39,349.00
3815,350.17,349.00
3817,350.17,349.00
3819,336.39,349.00
3821,336.39,349.00
3823,336.39,349.00
3825,336.39,349.00
3827,336.39,349.00
3829,336.39,349.00
3831,350.17,349.00
3833,350.17,349.00
3835,350.17,349.00
3837,350.17,349.00
3839,336.39,349.00
3841,336.39,349.00
3843,336.39,349.00
3845,336.39,349.00
3847,363.95,349.00
3849,350.17,349.00
3851,350.17,349.00
3853,363.95,349.00
3855,336.39,349.00
3857,322.62,349.00
3859,350.17,349.00
3861,336.39,349.00
3863,350.17,349.00
3865,350.17,349.00
3867,350.17,349.00
3869,350.17,349.00
3871,363.95,349.00
3873,336.39,349.00
3875,350.17,349.00
3877,350.17,349.00
3879,350.17,349.00
3881,350.17,349.00
3883,295.06,349.00
3885,336.39,349.00
3887,363.95,349.00
3889,336.39,349.00
3891,336.39,349.00
3893,350.17,349.00
3895,350.17,349.00
3897,350.17,349.00
3899,336.39,349.00
3901,350.17,349.00
3903,350.17,349.00
3905,350.17,349.00
3907,336.39,349.00
3909,377.72,349.00
3911,350.17,349.00
3913,336.39,349.00
3915,350.17,349.00
3917,350.17,349.00
3919,336.39,349.00
3921,350.17,349.00
3923,336.39,349.00
3925,350.17,349.00
3927,350.17,349.00
3929,336.39,349.00
3931,350.17,349.00
3933,350.17,349.00
3935,336.39,349.00
3937,350.17,349.00
3939,336.39,349.00
3941,336.39,349.00
3943,336.39,349.00
3945,363.95,349.00
3947,350.17,349.00
3949,350.17,349.00
3951,350.17,349.00
3953,336.39,349.00
3955,350.17,349.00
3957,336.39,349.00
3959,336.39,349.00
3961,350.17,349.00
3963,350.17,349.00
3965,350.17,349.00
3967,350.17,349.00
3969,336.39,349.00
3971,336.39,349.00
3973,336.39,349.00
3975,350.17,349.00
3977,336.39,349.00
3979,350.17,349.00
3981,350.17,349.00
3983,350.17,349.00
3985,350.17,349.00
3987,350.17,349.00
3989,336.39,349.00
3991,336.39,349.00
3993,350.17,349.00
3995,350.17,349.00
3997,350.17,349.00
3999,350.17,349.00
4001,350.17,349.00
4003,336.39,349.00
4005,336.39,349.00
4007,350.17,349.00
4009,336.39,349.00
4011,350.17,349.00
4013,350.17,349.00
4015,350.17,349.00
4017,363.95,349.00
4019,336.39,349.00
4021,350.17,349.00
4023,336.39,349.00
4025,350.17,349.00
4027,336.39,349.00
4029,350.17,349.00
4031,336.39,349.00
4033,226.18,349.00
4035,350.17,349.00
4037,350.17,349.00
4039,336.39,349.00
4041,336.39,349.00
4043,350.17,349.00
4045,336.39,349.00
4047,391.50,349.00
4049,350.17,349.00
4051,350.17,349.00
4053,350.17,349.00
4055,350.17,349.00
4057,336.39,349.00
4059,350.17,349.00
4061,350.17,349.00
4063,350.17,349.00
4065,350.17,349.00
4067,336.39,349.00
4069,350.17,349.00
4071,336.39,349.00
4073,336.39,349.00
4075,295.06,349.00
4077,336.39,349.00
4079,336.39,349.00
4081,336.39,349.00
4083,350.17,349.00
4085,336.39,349.00
4087,336.39,349.00
4089,336.39,349.00
4091,350.17,349.00
4093,336.39,349.00
4095,350.17,349.00
4097,363.95,349.00
4099,350.17,349.00
4101,350.17,349.00
4103,350.17,349.00
4105,336.39,349.00
4107,350.17,349.00
4109,336.39,349.00
4111,350.17,349.00
4113,350.17,349.00
4115,350.17,349.00
4117,350.17,349.00
4119,350.17,349.00
4121,336.39,349.00
4123,336.39,349.00
4125,350.17,349.00
4127,336.39,349.00
4129,350.17,349.00
4131,350.17,349.00
4133,350.17,349.00
4135,336.39,349.00
4137,350.17,349.00
4139,350.17,349.00
4141,336.39,349.00
4143,350.17,349.00
4145,350.17,349.00
4147,350.17,349.00
4149,336.39,349.00
4151,350.17,349.00
4153,336.39,349.00
4155,336.39,349.00
4157,336.39,349.00
4159,336.39,349.00
4161,336.39,349.00
4163,350.17,349.00
4165,350.17,349.00
4167,350.17,349.00
4169,336.39,349.00
4171,336.39,349.00
4173,336.39,349.00
4175,336.39,349.00
4177,336.39,349.00
4179,350.17,349.00
4181,350.17,349.00
4183,350.17,349.00
4185,336.39,349.00
4187,363.95,349.00
4189,336.39,349.00
4191,336.39,349.00
4193,350.17,349.00
4195,350.17,349.00
4197,350.17,349.00
4199,336.39,349.00
4201,350.17,349.00
4203,322.62,349.00
4205,336.39,349.00
4207,336.39,349.00
4209,336.39,349.00
4211,281.28,349.00
4213,350.17,349.00
4215,336.39,349.00
4217,350.17,349.00
4219,157.29,349.00
4221,350.17,349.00
4223,350.17,349.00
4225,336.39,349.00
4227,377.72,349.00
4229,336.39,349.00
4231,350.17,349.00
4233,350.17,349.00
4235,363.95,349.00
4237,336.39,349.00
4239,350.17,349.00
4241,350.17,349.00
4243,350.17,349.00
4245,336.39,349.00
4247,350.17,349.00
4249,350.17,349.00
4251,336.39,349.00
4253,336.39,349.00
4255,336.39,349.00
4257,336.39,349.00
4259,336.39,349.00
4261,336.39,349.00
4263,350.17,349.00
4265,363.95,349.00
4267,350.17,349.00
4269,350.17,349.00
4271,336.39,349.00
4273,336.39,349.00
4275,336.39,349.00
4277,336.39,349.00
4279,350.17,349.00
4281,350.17,349.00
4283,295.06,349.00
4285,336.39,349.00
4287,363.95,349.00
4289,336.39,349.00
4291,350.17,349.00
4293,350.17,349.00
4295,336.39,349.00
4297,350.17,349.00
4299,350.17,349.00
4301,350.17,349.00
4303,350.17,349.00
4305,336.39,349.00
4307,350.17,349.00
4309,350.17,349.00
4311,350.17,349.00
4313,350.17,349.00
4315,350.17,349.00
4317,336.39,349.00
4319,363.95,349.00
4321,350.17,349.00
4323,350.17,349.00
4325,350.17,349.00
4327,336.39,349.00
4329,336.39,349.00
4331,350.17,349.00
4333,336.39,349.00
4335,350.17,349.00
4337,336.39,349.00
4339,336.39,349.00
4341,336.39,349.00
4343,350.17,349.00
4345,350.17,349.00
4347,350.17,349.00
4349,350.17,349.00
4351,350.17,349.00
4353,350.17,349.00
4355,350.17,349.00
4357,336.39,349.00
4359,350.17,349.00
4361,336.39,349.00
4363,336.39,349.00
4365,350.17,349.00
4367,350.17,349.00
4369,350.17,349.00
4371,350.17,349.00
4373,336.39,349.00
4375,336.39,349.00
4377,363.95,349.00
4379,336.39,349.00
4381,350.17,349.00
4383,363.95,349.00
4385,336.39,349.00
4387,336.39,349.00
4389,336.39,349.00
4391,336.39,349.00
4393,336.39,349.00
4395,350.17,349.00
4397,377.72,349.00
4399,322.62,349.00
4401,350.17,0.00
4403,391.50,0.00
4405,308.84,0.00
4407,350.17,0.00
4409,253.73,0.00
4411,336.39,0.00
4413,308.84,0.00
4415,226.18,0.00
4417,350.17,0.00
4419,308.84,0.00
4421,350.17,0.00
4423,281.28,0.00
4425,281.28,0.00
4427,281.28,0.00
4429,212.40,0.00
4431,267.51,0.00
4433,253.73,0.00
4435,253.73,0.00
4437,226.18,0.00
4439,212.40,0.00
4441,253.73,0.00
4443,198.62,0.00
4445,184.85,0.00
4447,143.51,0.00
4449,184.85,0.00
4451,157.29,0.00
4453,157.29,0.00
4455,47.08,0.00
4457,102.18,0.00
4459,102.18,0.00
4461,184.85,0.00
4463,88.41,0.00
4465,88.41,0.00
4468,47.08,0.00
4470,88.41,0.00
4472,-90.69,0.00
4474,-35.59,0.00
4476,74.63,0.00
4478,-35.59,0.00
4480,-49.36,0.00
4482,74.63,0.00
4484,19.52,0.00
4486,-35.59,0.00
4488,-49.36,0.00
4490,-63.14,0.00
4492,5.74,0.00
4494,-63.14,0.00
4496,-145.80,0.00
4498,-104.47,0.00
4500,-76.92,0.00
4502,-159.58,0.00
4504,-187.13,0.00
4506,-159.58,0.00
4508,-173.36,0.00
4510,-214.69,0.00
4512,-200.91,0.00
4514,-187.13,0.00
4516,-187.13,0.00
4518,-187.13,0.00
4520,-187.13,0.00
4522,-187.13,0.00
4524,-228.46,0.00
4526,-200.91,0.00
4528,-242.24,0.00
4530,-187.13,0.00
4532,-200.91,0.00
4534,-187.13,0.00
4536,-187.13,0.00
4538,-214.69,0.00
4540,-187.13,0.00
4542,-187.13,0.00
4544,-228.46,0.00
4546,-187.13,0.00
4548,-173.36,0.00
4550,-214.69,0.00
4552,-200.91,0.00
4554,-173.36,0.00
4556,-200.91,0.00
4558,-187.13,0.00
4560,-159.58,0.00
4562,-159.58,0.00
4564,-159.58,0.00
4566,-145.80,0.00
4568,-145.80,0.00
4570,-145.80,0.00
4572,-145.80,0.00
4574,-145.80,0.00
4576,-145.80,0.00
4578,-132.03,0.00
4580,-132.03,0.00
4582,-132.03,0.00
4584,-118.25,0.00
4586,-132.03,0.00
4588,-118.25,0.00
4590,-118.25,0.00
4592,-104.47,0.00
4594,-104.47,0.00
4596,-104.47,0.00
4598,-104.47,0.00
4600,-104.47,0.00
4602,-90.69,0.00
4604,-118.25,0.00
4606,-90.69,0.00
4608,-90.69,0.00
4610,-76.92,0.00
4612,-63.14,0.00
4614,-118.25,0.00
4616,-118.25,0.00
4618,-63.14,0.00
4620,-63.14,0.00
4622,-159.58,0.00
4624,-63.14,0.00
4626,-63.14,0.00
4628,-90.69,0.00
4630,-104.47,0.00
4632,-35.59,0.00
4634,-35.59,0.00
4636,-90.69,0.00
4638,-63.14,0.00
4640,-21.81,0.00
4642,-35.59,0.00
4644,-21.81,0.00
4646,-90.69,0.00
4648,-21.81,0.00
4650,-21.81,0.00
4652,-8.03,0.00
4654,-76.92,0.00
4656,-8.03,0.00
4658,-63.14,0.00
4660,5.74,0.00
4662,5.74,0.00
4664,5.74,0.00
4666,5.74,0.00
4668,47.08,0.00
4670,-35.59,0.00
4672,19.52,0.00
4674,19.52,0.00
4676,19.52,0.00
4678,-8.03,0.00
4680,33.30,0.00
4682,5.74,0.00
4684,5.74,0.00
4686,33.30,0.00
4688,5.74,0.00
4690,47.08,0.00
4692,60.85,0.00
4694,47.08,0.00
4696,60.85,0.00
4698,-21.81,0.00
4700,60.85,0.00
4702,60.85,0.00
4704,60.85,0.00
4706,60.85,0.00
4708,74.63,0.00
4710,74.63,0.00
4712,33.30,0.00
4714,74.63,0.00
4716,74.63,0.00
4718,74.63,0.00
4720,74.63,0.00
4722,60.85,0.00
4724,60.85,0.00
4726,74.63,0.00
4728,74.63,0.00
4730,5.74,0.00
4732,74.63,0.00
4734,74.63,0.00
4736,-21.81,0.00
4738,-35.59,0.00
4740,-35.59,0.00
4742,60.85,0.00
4744,143.51,0.00
4746,60.85,0.00
4748,60.85,0.00
4750,5.74,0.00
4752,33.30,0.00
4754,47.08,0.00
4756,47.08,0.00
4758,60.85,0.00
4760,47.08,0.00
4762,47.08,0.00
4764,47.08,0.00
4766,47.08,0.00
4768,33.30,0.00
4770,47.08,0.00
4772,33.30,0.00
4774,33.30,0.00
4776,33.30,0.00
4778,33.30,0.00
4780,47.08,0.00
4782,33.30,0.00
4784,19.52,0.00
4786,33.30,0.00
4788,19.52,0.00
4790,19.52,0.00
4792,19.52,0.00
4794,33.30,0.00
4796,-49.36,0.00
4798,74.63,0.00
4800,19.52,0.00
4802,-76.92,0.00
4804,5.74,0.00
4806,5.74,0.00
4808,5.74,0.00
4810,5.74,0.00
4812,19.52,0.00
4814,5.74,0.00
4816,5.74,0.00
4818,19.52,0.00
4820,5.74,0.00
4822,-8.03,0.00
4824,19.52,0.00
4826,-76.92,0.00
4828,5.74,0.00
4830,5.74,0.00
4832,-35.59,0.00
4834,5.74,0.00
4836,-8.03,0.00
4838,19.52,0.00
4840,5.74,0.00
4842,-8.03,0.00
4844,-8.03,0.00
4846,-8.03,0.00
4848,-8.03,0.00
4850,-8.03,0.00
4852,-8.03,0.00
4854,-21.81,0.00
4856,-21.81,0.00
4858,5.74,0.00
4860,-8.03,0.00
4862,-21.81,0.00
4864,-8.03,0.00
4866,-8.03,0.00
4868,-21.81,0.00
4870,-21.81,0.00
4872,-21.81,0.00
4874,19.52,0.00
4876,-21.81,0.00
4878,-21.81,0.00
4880,-8.03,0.00
4882,-8.03,0.00
4884,-21.81,0.00
4886,-21.81,0.00
4888,-21.81,0.00
4890,-35.59,0.00
4892,-21.81,0.00
4894,5.74,0.00
4896,-8.03,0.00
4898,-21.81,0.00
4900,-21.81,0.00
4902,5.74,0.00
4904,-118.25,0.00
4906,-35.59,0.00
4908,-35.59,0.00
4910,-8.03,0.00
4912,33.30,0.00
4914,5.74,0.00
4916,-21.81,0.00
4918,19.52,0.00
4920,-21.81,0.00
4922,-35.59,0.00
4924,-21.81,0.00
4926,-21.81,0.00
4928,5.74,0.00
4930,-21.81,0.00
4932,-21.81,0.00
4934,-8.03,0.00
4936,-35.59,0.00
4938,19.52,0.00
4940,-21.81,0.00
4942,-21.81,0.00
4944,-21.81,0.00
4946,5.74,0.00
4948,-21.81,0.00
4950,-49.36,0.00
4952,-21.81,0.00
4954,-21.81,0.00
4956,-21.81,0.00
4958,-21.81,0.00
4960,-8.03,0.00
4962,-8.03,0.00
4964,-8.03,0.00
4966,-8.03,0.00
4968,19.52,0.00
4970,-21.81,0.00
4972,5.74,0.00
4974,-118.25,0.00
4976,-8.03,0.00
4978,19.52,0.00
4980,-132.03,0.00
4982,-90.69,0.00
4984,-8.03,0.00
4986,-63.14,0.00
4988,-8.03,0.00
4990,-8.03,0.00
4992,19.52,0.00
4994,47.08,0.00
4996,-8.03,0.00
4998,-8.03,0.00
5000,19.52,0.00
5002,-104.47,0.00
5004,-8.03,0.00
5006,-8.03,0.00
5008,-8.03,0.00
5010,5.74,0.00
5012,5.74,0.00
5014,-104.47,0.00
5016,5.74,0.00
5018,-21.81,0.00
5020,19.52,0.00
5022,-8.03,0.00
5024,5.74,0.00
5026,-8.03,0.00
5028,-8.03,0.00
5030,5.74,0.00
5032,5.74,0.00
5034,5.74,0.00
5036,5.74,0.00
5038,5.74,0.00
5040,-8.03,0.00
5042,5.74,0.00
5044,-8.03,0.00
5046,5.74,0.00
5048,5.74,0.00
5050,5.74,0.00
5052,-8.03,0.00
5054,33.30,0.00
5056,-8.03,0.00
5058,-8.03,0.00
5060,19.52,0.00
5062,19.52,0.00
5064,-8.03,0.00
5066,-8.03,0.00
5068,5.74,0.00
5070,5.74,0.00
5072,-8.03,0.00
5074,-8.03,0.00
5076,5.74,0.00
5078,5.74,0.00
5080,5.74,0.00
5082,-8.03,0.00
5084,5.74,0.00
5086,5.74,0.00
5088,-8.03,0.00
5090,-8.03,0.00
5092,-8.03,0.00
5094,-8.03,0.00
5096,-8.03,0.00
5098,5.74,0.00
5100,5.74,0.00
5102,-8.03,0.00
5104,-8.03,0.00
5106,-8.03,0.00
5108,-8.03,0.00
5110,-8.03,0.00
5112,-8.03,0.00
5114,5.74,0.00
5116,5.74,0.00
5118,5.74,0.00
5120,-8.03,0.00
5122,5.74,0.00
5124,5.74,0.00
5126,5.74,0.00
5128,-8.03,0.00
5130,5.74,0.00
5132,19.52,0.00
5134,-8.03,0.00
5136,5.74,0.00
5138,5.74,0.00
5140,-8.03,0.00
5142,5.74,0.00
5144,5.74,0.00
5146,5.74,0.00
5148,-8.03,0.00
5150,5.74,0.00
5152,-90.69,0.00
5154,19.52,0.00
5156,5.74,0.00
5158,-8.03,0.00
5160,5.74,0.00
5162,5.74,0.00
5164,-76.92,0.00
5166,5.74,0.00
5168,19.52,0.00
5170,19.52,0.00
5172,-8.03,0.00
5174,-118.25,0.00
5176,5.74,0.00
5178,5.74,0.00
5180,5.74,0.00
5182,19.52,0.00
5184,5.74,0.00
5186,5.74,0.00
5188,5.74,0.00
5190,-8.03,0.00
5192,5.74,0.00
5194,5.74,0.00
5196,5.74,0.00
5198,19.52,0.00
5200,5.74,0.00
5202,19.52,0.00
5204,5.74,0.00
5206,5.74,0.00
5208,5.74,0.00
5210,5.74,0.00
5212,5.74,0.00
5214,5.74,0.00
5216,19.52,0.00
5218,5.74,0.00
5220,5.74,0.00
5222,5.74,0.00
5224,5.74,0.00
5226,-8.03,0.00
5228,19.52,0.00
5230,5.74,0.00
5232,5.74,0.00
5234,5.74,0.00
5236,-8.03,0.00
5238,5.74,0.00
5240,5.74,0.00
5242,-8.03,0.00
5244,5.74,0.00
5246,19.52,0.00
5248,19.52,0.00
5250,5.74,0.00
5253,-8.03,0.00
5255,5.74,0.00
5257,5.74,0.00
5259,5.74,0.00
5261,19.52,0.00
5263,19.52,0.00
5265,19.52,0.00
5267,19.52,0.00
5269,5.74,0.00
5271,5.74,0.00
5273,5.74,0.00
5275,5.74,0.00
5277,5.74,0.00
5279,5.74,0.00
5281,5.74,0.00
5283,19.52,0.00
5286,5.74,0.00
5288,5.74,0.00
5290,5.74,0.00
5292,-8.03,0.00
5294,-76.92,0.00
5296,-8.03,0.00
5298,5.74,0.00
5300,-8.03,0.00
5302,5.74,0.00
5304,5.74,0.00
5306,5.74,0.00
5308,-90.69,0.00
5310,5.74,0.00
5312,5.74,0.00
5314,5.74,0.00
5316,5.74,0.00
5318,5.74,0.00
5320,19.52,0.00
5322,19.52,0.00
5324,-8.03,0.00
5326,19.52,0.00
5328,5.74,0.00
5330,5.74,0.00
5332,5.74,0.00
5334,5.74,0.00
5336,5.74,0.00
5338,5.74,0.00
5340,33.30,0.00
5342,5.74,0.00
5344,-8.03,0.00
5346,5.74,0.00
5348,5.74,0.00
5350,-90.69,0.00
5352,5.74,0.00
5354,5.74,0.00
5356,5.74,0.00
5358,-8.03,0.00
5360,5.74,0.00
5362,19.52,0.00
5364,5.74,0.00
5366,5.74,0.00
5368,5.74,0.00
5370,-8.03,0.00
5372,5.74,0.00
5374,-8.03,0.00
5376,-8.03,0.00
5378,5.74,0.00
5380,5.74,0.00
5382,5.74,0.00
5384,5.74,0.00
5386,-8.03,0.00
5388,19.52,0.00
5390,-8.03,0.00
5392,5.74,0.00
5394,5.74,0.00
5396,-8.03,0.00
5398,-8.03,0.00
5400,5.74,0.00
5402,5.74,0.00
5404,5.74,0.00
5406,5.74,0.00
5408,5.74,0.00
5410,5.74,0.00
5412,5.74,0.00
5414,-8.03,0.00
5416,47.08,0.00
5418,5.74,0.00
5420,5.74,0.00
5422,-8.03,0.00
5424,-173.36,0.00
5426,5.74,0.00
5428,5.74,0.00
5430,5.74,0.00
5432,5.74,0.00
5434,5.74,0.00
5436,-8.03,0.00
5438,-8.03,0.00
5440,-8.03,0.00
5442,19.52,0.00
5444,5.74,0.00
5446,33.30,0.00
5448,47.08,0.00
5450,5.74,0.00
5452,5.74,0.00
5454,-8.03,0.00
5456,-8.03,0.00
5458,5.74,0.00
5460,-21.81,0.00
5462,-8.03,0.00
5464,5.74,0.00
5466,5.74,0.00
5468,-8.03,0.00
5470,-8.03,0.00
5472,-8.03,0.00
5474,5.74,0.00
5476,5.74,0.00
5478,-132.03,0.00
5480,5.74,0.00
5482,-8.03,0.00
5484,5.74,0.00
5486,19.52,0.00
5488,5.74,0.00
5490,5.74,0.00
5492,-8.03,0.00
5494,5.74,0.00
5496,-8.03,0.00
5498,-8.03,0.00
5500,5.74,0.00
5502,5.74,0.00
5504,-8.03,0.00
5506,-8.03,0.00
5508,5.74,0.00
5510,-8.03,0.00
5512,19.52,0.00
5514,19.52,0.00
5516,5.74,0.00
5518,-8.03,0.00
5520,5.74,0.00
5522,5.74,0.00
5524,-8.03,0.00
5526,-8.03,0.00
5528,-63.14,0.00
5530,5.74,0.00
5532,5.74,0.00
5534,5.74,0.00
5536,-8.03,0.00
5538,-8.03,0.00
5540,-8.03,0.00
5542,-8.03,0.00
5544,-8.03,0.00
5546,-104.47,0.00
5548,5.74,0.00
5550,-8.03,0.00
5552,-8.03,0.00
5554,-8.03,0.00
5556,-8.03,0.00
5558,-8.03,0.00
5560,5.74,0.00
5562,-8.03,0.00
5564,5.74,0.00
5566,-118.25,0.00
5568,-8.03,0.00
5570,5.74,0.00
5572,-8.03,0.00
5574,-8.03,0.00
5576,19.52,0.00
5578,5.74,0.00
5580,5.74,0.00
5582,5.74,0.00
5584,5.74,0.00
5586,5.74,0.00
5588,-8.03,0.00
5590,-118.25,0.00
5592,-8.03,0.00
5594,5.74,0.00
5596,5.74,0.00
5598,-118.25,0.00
5600,5.74,0.00
5602,74.63,0.00
5604,-8.03,0.00
5606,-21.81,0.00
5608,-8.03,0.00
5610,-8.03,0.00
5612,5.74,0.00
5614,19.52,0.00
5616,5.74,0.00
5618,5.74,0.00
5620,-8.03,0.00
5622,5.74,0.00
5624,5.74,0.00
5626,-8.03,0.00
5628,-8.03,0.00
5630,5.74,0.00
5632,5.74,0.00
5634,5.74,0.00
5636,-8.03,0.00
5638,-8.03,0.00
5640,-8.03,0.00
5642,5.74,0.00
5644,-8.03,0.00
5646,5.74,0.00
5648,-8.03,0.00
5650,-8.03,0.00
5652,33.30,0.00
5654,-8.03,0.00
5656,-8.03,0.00
5658,-8.03,0.00
5660,-8.03,0.00
5662,5.74,0.00
5664,5.74,0.00
5666,-8.03,0.00
5668,-8.03,0.00
5670,5.74,0.00
5672,5.74,0.00
5674,-8.03,0.00
5676,-8.03,0.00
5678,5.74,0.00
5680,-8.03,0.00
5682,-8.03,0.00
5684,-8.03,0.00
5686,5.74,0.00
5688,5.74,0.00
5690,-21.81,0.00
5692,-200.91,0.00
5694,-200.91,0.00
5696,19.52,0.00
5698,5.74,0.00
5700,-8.03,0.00
5702,5.74,0.00
5704,19.52,0.00
5706,-8.03,0.00
5708,-8.03,0.00
5710,33.30,0.00
5712,5.74,0.00
5714,-8.03,0.00
5716,19.52,0.00
5718,-8.03,0.00
5720,-8.03,0.00
5722,5.74,0.00
5724,5.74,0.00
5726,-8.03,0.00
5728,47.08,0.00
5730,5.74,0.00
5732,5.74,0.00
5734,5.74,0.00
5736,5.74,0.00
5738,-8.03,0.00
5740,-49.36,0.00
5742,5.74,0.00
5744,-8.03,0.00
5746,5.74,0.00
5748,33.30,0.00
5750,33.30,0.00
5752,5.74,0.00
5754,-8.03,0.00
5756,19.52,0.00
5758,-8.03,0.00
5760,5.74,0.00
5762,-8.03,0.00
5764,47.08,0.00
5766,-8.03,0.00
5768,5.74,0.00
5770,5.74,0.00
5772,33.30,0.00
5774,5.74,0.00
5776,5.74,0.00
5778,5.74,0.00
5780,5.74,0.00
5782,5.74,0.00
5784,5.74,0.00
5786,5.74,0.00
5788,5.74,0.00
5790,-8.03,0.00
5792,5.74,0.00
5794,19.52,0.00
5796,5.74,0.00
5798,47.08,0.00
5800,5.74,0.00
5802,5.74,0.00
5804,5.74,0.00
5806,5.74,0.00
5808,5.74,0.00
5810,5.74,0.00
5812,5.74,0.00
5814,19.52,0.00
5816,19.52,0.00
5818,5.74,0.00
5820,5.74,0.00
5822,5.74,0.00
5824,5.74,0.00
5826,5.74,0.00
5828,5.74,0.00
5830,5.74,0.00
5832,5.74,0.00
5834,5.74,0.00
5836,5.74,0.00
5838,5.74,0.00
5840,5.74,0.00
5842,5.74,0.00
5844,5.74,0.00
5846,5.74,0.00
5848,5.74,0.00
5850,33.30,0.00
5852,5.74,0.00
5854,-90.69,0.00
5856,47.08,0.00
5858,5.74,0.00
5860,5.74,0.00
5862,5.74,0.00
5864,5.74,0.00
5866,5.74,0.00
5868,5.74,0.00
5870,5.74,0.00
5872,19.52,0.00
5874,5.74,0.00
5876,5.74,0.00
5878,5.74,0.00
5880,19.52,0.00
5882,5.74,0.00
5884,5.74,0.00
5886,5.74,0.00
5888,-8.03,0.00
5890,5.74,0.00
5892,5.74,0.00
5894,5.74,0.00
5896,5.74,0.00
5898,5.74,0.00
5900,5.74,0.00
5902,5.74,0.00
5904,5.74,0.00
5906,19.52,0.00
5908,5.74,0.00
5910,5.74,0.00
5912,5.74,0.00
5914,-8.03,0.00
5916,19.52,0.00
5918,5.74,0.00
5920,74.63,0.00
5922,5.74,0.00
5924,33.30,0.00
5926,19.52,0.00
5928,19.52,0.00
5930,5.74,0.00
5932,5.74,0.00
5934,5.74,0.00
5936,5.74,0.00
5938,5.74,0.00
5940,5.74,0.00
5942,5.74,0.00
5944,5.74,0.00
5946,5.74,0.00
5948,5.74,0.00
5950,5.74,0.00
5952,19.52,0.00
5954,5.74,0.00
5956,-8.03,0.00
5958,19.52,0.00
5960,5.74,0.00
5962,5.74,0.00
5964,-21.81,0.00
5966,33.30,0.00
5968,19.52,0.00
5970,-8.03,0.00
5972,5.74,0.00
5974,5.74,0.00
5976,5.74,0.00
5978,5.74,0.00
5980,5.74,0.00
5982,5.74,0.00
5984,5.74,0.00
5986,5.74,0.00
5988,-8.03,0.00
5990,-8.03,0.00
5992,5.74,0.00
5994,5.74,0.00
5996,5.74,0.00
5998,5.74,0.00
6000,-8.03,0.00
6002,5.74,0.00
6004,-8.03,0.00
6006,5.74,0.00
6008,-8.03,0.00
6010,-8.03,0.00
6012,5.74,0.00
6014,19.52,0.00
6016,-8.03,0.00
6018,19.52,0.00
6020,5.74,0.00
6022,5.74,0.00
6024,-8.03,0.00
6026,5.74,0.00
6028,5.74,0.00
6030,5.74,0.00
6032,5.74,0.00
6034,5.74,0.00
6036,-8.03,0.00
6038,19.52,0.00
6040,-8.03,0.00
6042,19.52,0.00
6044,19.52,0.00
6046,19.52,0.00
6048,5.74,0.00
6050,19.52,0.00
6052,5.74,0.00
6054,5.74,0.00
6056,5.74,0.00
6058,33.30,0.00
6060,5.74,0.00
6062,5.74,0.00
6064,47.08,0.00
6066,19.52,0.00
6068,5.74,0.00
6070,-104.47,0.00
6072,5.74,0.00
6074,5.74,0.00
6076,5.74,0.00
6078,5.74,0.00
6080,5.74,0.00
6082,5.74,0.00
6084,5.74,0.00
6086,5.74,0.00
6088,5.74,0.00
6090,5.74,0.00
6092,19.52,0.00
6094,47.08,0.00
6096,-104.47,0.00
6098,19.52,0.00
6100,5.74,0.00
6102,5.74,0.00
6104,5.74,0.00
6106,19.52,0.00
6108,5.74,0.00
6110,5.74,0.00
6112,5.74,0.00
6114,19.52,0.00
6116,19.52,0.00
6118,19.52,0.00
6120,5.74,0.00
6122,5.74,0.00
6124,5.74,0.00
6126,5.74,0.00
6128,5.74,0.00
6130,5.74,0.00
6132,5.74,0.00
6134,5.74,0.00
6136,5.74,0.00
6138,5.74,0.00
6140,5.74,0.00
6142,88.41,0.00
6144,-90.69,0.00
6146,33.30,0.00
6148,5.74,0.00
6150,5.74,0.00
6152,5.74,0.00
6154,19.52,0.00
6156,5.74,0.00
6158,5.74,0.00
6160,-8.03,0.00
6162,5.74,0.00
6164,19.52,0.00
6166,5.74,0.00
6168,-8.03,0.00
6170,5.74,0.00
6172,5.74,0.00
6174,5.74,0.00
6176,5.74,0.00
6178,5.74,0.00
6180,19.52,0.00
6182,19.52,0.00
6184,5.74,0.00
6186,19.52,0.00
6188,5.74,0.00
6190,5.74,0.00
6192,47.08,0.00
6194,5.74,0.00
6196,5.74,0.00
6198,5.74,0.00
6200,5.74,0.00
6202,19.52,0.00
6204,5.74,0.00
6206,5.74,0.00
6208,5.74,0.00
6210,5.74,0.00
6212,19.52,0.00
6214,19.52,0.00
6216,5.74,0.00
6218,5.74,0.00
6220,5.74,0.00
6222,-8.03,0.00
6224,33.30,0.00
6226,5.74,0.00
6228,5.74,0.00
6230,5.74,0.00
6232,5.74,0.00
6234,5.74,0.00
6236,5.74,0.00
6238,47.08,0.00
6240,5.74,0.00
6242,5.74,0.00
6244,5.74,0.00
6246,33.30,0.00
6248,5.74,0.00
6250,19.52,0.00
6252,-8.03,0.00
6254,5.74,0.00
6256,5.74,0.00
6258,5.74,0.00
6260,5.74,0.00
6262,33.30,0.00
6264,5.74,0.00
6266,5.74,0.00
6268,5.74,0.00
6270,5.74,0.00
6272,5.74,0.00
6274,-49.36,0.00
6276,5.74,0.00
6278,5.74,0.00
6280,5.74,0.00
6282,5.74,0.00
6284,5.74,0.00
6286,5.74,0.00
6288,-8.03,0.00
6290,-8.03,0.00
6292,-8.03,0.00
6294,5.74,0.00
6296,5.74,0.00
6298,5.74,0.00
6300,5.74,0.00
6302,5.74,0.00
6304,5.74,0.00
6306,5.74,0.00
6308,-8.03,0.00
6310,5.74,0.00
6312,5.74,0.00
6314,19.52,0.00
6316,19.52,0.00
6318,-8.03,0.00
6320,-8.03,0.00
6322,19.52,0.00
6324,5.74,0.00
6326,5.74,0.00
6328,5.74,0.00
6330,33.30,0.00
6332,5.74,0.00
6334,5.74,0.00
6336,19.52,0.00
6338,-8.03,0.00
6340,-8.03,0.00
6342,5.74,0.00
6344,5.74,0.00
6346,5.74,0.00
6348,5.74,0.00
6350,5.74,0.00
6352,-8.03,0.00
6354,5.74,0.00
6356,-8.03,0.00
6358,5.74,0.00
6360,5.74,0.00
6362,-8.03,0.00
6364,19.52,0.00
6366,19.52,0.00
6368,-8.03,0.00
6370,5.74,0.00
6372,19.52,0.00
6374,5.74,0.00
6376,5.74,0.00
6378,5.74,0.00
6380,19.52,0.00
6382,5.74,0.00
6384,5.74,0.00
6386,5.74,0.00
6388,5.74,0.00
6390,5.74,0.00
6392,-8.03,0.00
6394,5.74,0.00
6396,-118.25,0.00
6398,5.74,0.00
6400,-76.92,349.00
6402,60.85,349.00
6404,5.74,349.00
6406,33.30,349.00
6408,-8.03,349.00
6410,19.52,349.00
6412,19.52,349.00
6414,33.30,349.00
6416,-35.59,349.00
6418,-21.81,349.00
6420,102.18,349.00
6422,60.85,349.00
6424,60.85,349.00
6426,60.85,349.00
6428,88.41,349.00
6430,47.08,349.00
6432,88.41,349.00
6434,129.74,349.00
6436,115.96,349.00
6438,-8.03,349.00
6440,143.51,349.00
6442,143.51,349.00
6444,143.51,349.00
6446,171.07,349.00
6448,184.85,349.00
6450,239.95,349.00
6452,198.62,349.00
6454,212.40,349.00
6456,157.29,349.00
6458,226.18,349.00
6460,267.51,349.00
6462,295.06,349.00
6464,212.40,349.00
6466,322.62,349.00
6468,295.06,349.00
6470,267.51,349.00
6472,308.84,349.00
6474,322.62,349.00
6476,350.17,349.00
6478,350.17,349.00
6480,363.95,349.00
6482,377.72,349.00
6484,377.72,349.00
6486,377.72,349.00
6488,391.50,349.00
6490,419.05,349.00
6492,432.83,349.00
6494,474.16,349.00
6496,501.72,349.00
6498,474.16,349.00
6500,474.16,349.00
6502,391.50,349.00
6504,432.83,349.00
6506,501.72,349.00
6508,515.49,349.00
6510,515.49,349.00
6512,487.94,349.00
6514,460.39,349.00
6516,529.27,349.00
6518,446.61,349.00
6520,529.27,349.00
6522,529.27,349.00
6524,529.27,349.00
6526,529.27,349.00
6528,515.49,349.00
6530,529.27,349.00
6532,487.94,349.00
6534,529.27,349.00
6536,515.49,349.00
6538,391.50,349.00
6540,515.49,349.00
6542,515.49,349.00
6544,515.49,349.00
6546,501.72,349.00
6548,501.72,349.00
6550,487.94,349.00
6552,487.94,349.00
6554,487.94,349.00
6556,446.61,349.00
6558,474.16,349.00
6560,432.83,349.00
6562,460.39,349.00
6564,432.83,349.00
6566,419.05,349.00
6568,446.61,349.00
6570,446.61,349.00
6572,432.83,349.00
6574,405.28,349.00
6576,419.05,349.00
6578,377.72,349.00
6580,405.28,349.00
6582,295.06,349.00
6584,405.28,349.00
6586,336.39,349.00
6588,363.95,349.00
6590,391.50,349.00
6592,377.72,349.00
6594,377.72,349.00
6596,377.72,349.00
6598,377.72,349.00
6600,295.06,349.00
6602,391.50,349.00
6604,350.17,349.00
6606,308.84,349.00
6608,350.17,349.00
6610,336.39,349.00
6612,336.39,349.00
6614,322.62,349.00
6616,336.39,349.00
6618,322.62,349.00
6620,322.62,349.00
6622,336.39,349.00
6624,308.84,349.00
6626,350.17,349.00
6628,322.62,349.00
6630,308.84,349.00
6632,308.84,349.00
6634,322.62,349.00
6636,184.85,349.00
6638,295.06,349.00
6640,322.62,349.00
6642,322.62,349.00
6644,295.06,349.00
6646,308.84,349.00
6648,308.84,349.00
6650,308.84,349.00
6652,295.06,349.00
6654,308.84,349.00
6656,295.06,349.00
6658,295.06,349.00
6660,308.84,349.00
6662,295.06,349.00
6664,308.84,349.00
6666,322.62,349.00
6668,295.06,349.00
6670,281.28,349.00
6672,295.06,349.00
6674,295.06,349.00
6676,308.84,349.00
6678,295.06,349.00
6680,281.28,349.00
6682,295.06,349.00
6684,281.28,349.00
6686,281.28,349.00
6688,295.06,349.00
6690,308.84,349.00
6692,281.28,349.00
6694,281.28,349.00
6696,281.28,349.00
6698,295.06,349.00
6700,308.84,349.00
6702,281.28,349.00
6704,295.06,349.00
6706,281.28,349.00
6708,322.62,349.00
6710,226.18,349.00
6712,295.06,349.00
6714,198.62,349.00
6716,336.39,349.00
6718,253.73,349.00
6720,350.17,349.00
6722,281.28,349.00
6724,295.06,349.00
6726,295.06,349.00
6728,295.06,349.00
6730,308.84,349.00
6732,239.95,349.00
6734,363.95,349.00
6736,295.06,349.00
6738,295.06,349.00
6740,308.84,349.00
6742,212.40,349.00
6744,308.84,349.00
6746,322.62,349.00
6748,322.62,349.00
6750,308.84,349.00
6752,308.84,349.00
6754,267.51,349.00
6756,308.84,349.00
6758,308.84,349.00
6760,322.62,349.00
6762,322.62,349.00
6764,322.62,349.00
6766,322.62,349.00
6768,336.39,349.00
6770,336.39,349.00
6772,336.39,349.00
6774,336.39,349.00
6776,336.39,349.00
6778,267.51,349.00
6780,391.50,349.00
6782,295.06,349.00
6784,336.39,349.00
6786,336.39,349.00
6788,253.73,349.00
6790,350.17,349.00
6792,350.17,349.00
6794,350.17,349.00
6796,363.95,349.00
6798,363.95,349.00
6800,363.95,349.00
6802,295.06,349.00
6804,363.95,349.00
6806,363.95,349.00
6808,363.95,349.00
6810,350.17,349.00
6812,350.17,349.00
6814,363.95,349.00
6816,363.95,349.00
6818,336.39,349.00
6820,405.28,349.00
6822,363.95,349.00
6824,391.50,349.00
6826,377.72,349.00
6828,363.95,349.00
6830,363.95,349.00
6832,363.95,349.00
6834,377.72,349.00
6836,350.17,349.00
6838,363.95,349.00
6840,363.95,349.00
6842,405.28,349.00
6844,363.95,349.00
6846,391.50,349.00
6848,363.95,349.00
6850,377.72,349.00
6852,363.95,349.00
6854,363.95,349.00
6856,350.17,349.00
6858,295.06,349.00
6860,239.95,349.00
6862,363.95,349.00
6864,363.95,349.00
6866,363.95,349.00
6868,391.50,349.00
6870,405.28,349.00
6872,377.72,349.00
6874,363.95,349.00
6876,363.95,349.00
6878,350.17,349.00
6880,350.17,349.00
6882,363.95,349.00
6884,363.95,349.00
6886,363.95,349.00
6888,363.95,349.00
6890,350.17,349.00
6892,363.95,349.00
6894,308.84,349.00
6896,363.95,349.00
6898,363.95,349.00
6900,363.95,349.00
6902,377.72,349.00
6904,350.17,349.00
6906,350.17,349.00
6908,350.17,349.00
6910,350.17,349.00
6912,350.17,349.00
6914,363.95,349.00
6916,363.95,349.00
6918,336.39,349.00
6920,350.17,349.00
6922,336.39,349.00
6924,350.17,349.00
6926,363.95,349.00
6928,350.17,349.00
6930,363.95,349.00
6932,363.95,349.00
6934,336.39,349.00
6936,350.17,349.00
6938,377.72,349.00
6940,350.17,349.00
6942,377.72,349.00
6944,336.39,349.00
6946,350.17,349.00
6948,350.17,349.00
6950,350.17,349.00
6952,350.17,349.00
6954,336.39,349.00
6956,336.39,349.00
6958,336.39,349.00
6960,350.17,349.00
6962,350.17,349.00
6964,336.39,349.00
6966,350.17,349.00
6968,336.39,349.00
6970,336.39,349.00
6972,336.39,349.00
6974,336.39,349.00
6976,336.39,349.00
6978,350.17,349.00
6980,350.17,349.00
6982,336.39,349.00
6984,350.17,349.00
6986,350.17,349.00
6988,336.39,349.00
6990,350.17,349.00
6992,363.95,349.00
6994,336.39,349.00
6996,363.95,349.00
6998,350.17,349.00
7000,377.72,349.00
7002,336.39,349.00
7004,336.39,349.00
7006,350.17,349.00
7008,363.95,349.00
7010,336.39,349.00
7012,350.17,349.00
7014,336.39,349.00
7016,350.17,349.00
7018,350.17,349.00
7020,336.39,349.00
7022,336.39,349.00
7024,350.17,349.00
7026,336.39,349.00
7028,336.39,349.00
7030,363.95,349.00
7032,336.39,349.00
7034,336.39,349.00
7036,363.95,349.00
7038,336.39,349.00
7040,336.39,349.00
7042,336.39,349.00
7044,336.39,349.00
7046,363.95,349.00
7048,363.95,349.00
7050,336.39,349.00
7052,336.39,349.00
7054,336.39,349.00
7056,336.39,349.00
7058,336.39,349.00
7060,336.39,349.00
7062,350.17,349.00
7064,336.39,349.00
7066,350.17,349.00
7068,363.95,349.00
7070,336.39,349.00
7072,350.17,349.00
7074,336.39,349.00
7076,363.95,349.00
7078,336.39,349.00
7080,350.17,349.00
7082,363.95,349.00
7084,350.17,349.00
7086,363.95,349.00
7088,350.17,349.00
7090,336.39,349.00
7092,350.17,349.00
7094,350.17,349.00
7096,350.17,349.00
7098,350.17,349.00
7100,350.17,349.00
7102,391.50,349.00
7104,350.17,349.00
7106,336.39,349.00
7108,350.17,349.00
7110,350.17,349.00
7112,350.17,349.00
7114,336.39,349.00
7116,363.95,349.00
7118,350.17,349.00
7120,350.17,349.00
7122,350.17,349.00
7124,350.17,349.00
7126,350.17,349.00
7128,322.62,349.00
7130,350.17,349.00
7132,363.95,349.00
7134,350.17,349.00
7136,350.17,349.00
7138,363.95,349.00
7140,350.17,349.00
7142,350.17,349.00
7144,350.17,349.00
7146,350.17,349.00
7148,350.17,349.00
7150,350.17,349.00
7152,350.17,349.00
7154,350.17,349.00
7156,350.17,349.00
7158,350.17,349.00
7160,350.17,349.00
7162,350.17,349.00
7164,350.17,349.00
7166,350.17,349.00
7168,363.95,349.00
7170,350.17,349.00
7172,350.17,349.00
7174,350.17,349.00
7176,350.17,349.00
7178,350.17,349.00
7180,350.17,349.00
7182,350.17,349.00
7184,350.17,349.00
7186,350.17,349.00
7188,350.17,349.00
7190,350.17,349.00
7192,350.17,349.00
7194,350.17,349.00
7196,350.17,349.00
7198,350.17,349.00
7200,363.95,349.00
7202,350.17,349.00
7204,350.17,349.00
7206,350.17,349.00
7208,350.17,349.00
7210,350.17,349.00
7212,350.17,349.00
7214,350.17,349.00
7216,350.17,349.00
7218,350.17,349.00
7220,350.17,349.00
7222,336.39,349.00
7224,350.17,349.00
7226,350.17,349.00
7228,363.95,349.00
7230,363.95,349.00
7232,350.17,349.00
7234,350.17,349.00
7236,350.17,349.00
7238,350.17,349.00
7240,336.39,349.00
7242,350.17,349.00
7244,350.17,349.00
7246,350.17,349.00
7248,350.17,349.00
7250,350.17,349.00
7252,350.17,349.00
7254,336.39,349.00
7256,350.17,349.00
7258,350.17,349.00
7260,350.17,349.00
7262,336.39,349.00
7264,281.28,349.00
7266,350.17,349.00
7268,350.17,349.00
7270,350.17,349.00
7272,350.17,349.00
7274,350.17,349.00
7276,350.17,349.00
7278,350.17,349.00
7280,350.17,349.00
7282,350.17,349.00
7284,350.17,349.00
7286,350.17,349.00
7288,350.17,349.00
7290,350.17,349.00
7292,350.17,349.00
7294,350.17,349.00
7296,350.17,349.00
7298,350.17,349.00
7300,363.95,349.00
7302,405.28,349.00
7304,350.17,349.00
7306,363.95,349.00
7308,350.17,349.00
7310,350.17,349.00
7312,363.95,349.00
7314,350.17,349.00
7316,350.17,349.00
7318,363.95,349.00
7320,350.17,349.00
7322,350.17,349.00
7324,350.17,349.00
7326,350.17,349.00
7328,350.17,349.00
7330,350.17,349.00
7332,363.95,349.00
7334,350.17,349.00
7336,350.17,349.00
7338,350.17,349.00
7340,350.17,349.00
7342,336.39,349.00
7344,363.95,349.00
7346,363.95,349.00
7348,350.17,349.00
7350,350.17,349.00
7352,350.17,349.00
7354,350.17,349.00
7356,336.39,349.00
7358,350.17,349.00
7360,350.17,349.00
7362,350.17,349.00
7364,350.17,349.00
7366,350.17,349.00
7368,350.17,349.00
7370,350.17,349.00
7372,350.17,349.00
7374,336.39,349.00
7376,350.17,349.00
7378,363.95,349.00
7380,350.17,349.00
7382,377.72,349.00
7384,363.95,349.00
7386,350.17,349.00
7388,350.17,349.00
7390,350.17,349.00
7392,350.17,349.00
7394,350.17,349.00
7396,350.17,349.00
7398,350.17,349.00
7400,350.17,349.00
7402,350.17,349.00
7404,350.17,349.00
7406,350.17,349.00
7408,363.95,349.00
7410,350.17,349.00
7412,350.17,349.00
7414,350.17,349.00
7416,350.17,349.00
7418,363.95,349.00
7420,350.17,349.00
7422,350.17,349.00
7424,336.39,349.00
7426,336.39,349.00
7428,350.17,349.00
7430,350.17,349.00
7432,363.95,349.00
7434,350.17,349.00
7436,350.17,349.00
7438,363.95,349.00
7440,336.39,349.00
7442,350.17,349.00
7444,350.17,349.00
7446,350.17,349.00
7448,350.17,349.00
7450,350.17,349.00
7452,350.17,349.00
7454,350.17,349.00
7456,350.17,349.00
7458,350.17,349.00
7460,350.17,349.00
7462,350.17,349.00
7464,363.95,349.00
7466,350.17,349.00
7468,336.39,349.00
7470,350.17,349.00
7472,350.17,349.00
7474,350.17,349.00
7476,350.17,349.00
7478,363.95,349.00
7480,350.17,349.00
7482,350.17,349.00
7484,350.17,349.00
7486,322.62,349.00
7488,350.17,349.00
7490,350.17,349.00
7492,350.17,349.00
7494,350.17,349.00
7496,363.95,349.00
7498,350.17,349.00
7500,350.17,349.00
7502,350.17,349.00
7504,350.17,349.00
7506,350.17,349.00
7508,350.17,349.00
7510,350.17,349.00
7512,350.17,349.00
7514,350.17,349.00
7516,363.95,349.00
7518,350.17,349.00
7520,350.17,349.00
7522,350.17,349.00
7524,350.17,349.00
7526,350.17,349.00
7528,350.17,349.00
7530,350.17,349.00
7532,363.95,349.00
7534,350.17,349.00
7536,350.17,349.00
7538,350.17,349.00
7540,350.17,349.00
7542,350.17,349.00
7544,350.17,349.00
7546,363.95,349.00
7548,350.17,349.00
7550,350.17,349.00
7552,350.17,349.00
7554,350.17,349.00
7556,350.17,349.00
7558,350.17,349.00
7560,350.17,349.00
7562,363.95,349.00
7564,363.95,349.00
7566,350.17,349.00
7568,350.17,349.00
7570,239.95,349.00
7572,350.17,349.00
7574,350.17,349.00
7576,350.17,349.00
7578,350.17,349.00
7580,350.17,349.00
7582,350.17,349.00
7584,350.17,349.00
7586,350.17,349.00
7588,350.17,349.00
7590,350.17,349.00
7592,350.17,349.00
7594,363.95,349.00
7596,350.17,349.00
7598,350.17,349.00
7600,350.17,349.00
7602,350.17,349.00
7604,350.17,349.00
7606,350.17,349.00
7608,350.17,349.00
7610,350.17,349.00
7612,363.95,349.00
7614,363.95,349.00
7616,363.95,349.00
7618,350.17,349.00
7620,350.17,349.00
7622,350.17,349.00
7624,350.17,349.00
7626,350.17,349.00
7628,350.17,349.00
7630,350.17,349.00
7632,350.17,349.00
7634,350.17,349.00
7636,350.17,349.00
7638,350.17,349.00
7640,336.39,349.00
7642,350.17,349.00
7644,363.95,349.00
7646,350.17,349.00
7648,363.95,349.00
7650,377.72,349.00
7652,350.17,349.00
7654,350.17,349.00
7656,350.17,349.00
7658,350.17,349.00
7660,350.17,349.00
7662,350.17,349.00
7664,350.17,349.00
7666,350.17,349.00
7668,350.17,349.00
7670,350.17,349.00
7672,350.17,349.00
7674,295.06,349.00
7676,350.17,349.00
7678,350.17,349.00
7680,336.39,349.00
7682,350.17,349.00
7684,350.17,349.00
7686,350.17,349.00
7688,350.17,349.00
7690,336.39,349.00
7692,350.17,349.00
7694,350.17,349.00
7696,363.95,349.00
7698,350.17,349.00
7700,363.95,349.00
7702,267.51,349.00
7704,350.17,349.00
7706,363.95,349.00
7708,350.17,349.00
7710,295.06,349.00
7712,350.17,349.00
7714,350.17,349.00
7716,363.95,349.00
7718,350.17,349.00
7720,350.17,349.00
7722,350.17,349.00
7724,336.39,349.00
7726,363.95,349.00
7728,350.17,349.00
7730,350.17,349.00
7732,350.17,349.00
7734,377.72,349.00
7736,350.17,349.00
7738,350.17,349.00
7740,350.17,349.00
7742,350.17,349.00
7744,363.95,349.00
7746,350.17,349.00
7748,363.95,349.00
7750,350.17,349.00
7752,350.17,349.00
7754,350.17,349.00
7756,281.28,349.00
7758,350.17,349.00
7760,336.39,349.00
7762,350.17,349.00
7764,363.95,349.00
7766,253.73,349.00
7768,253.73,349.00
7770,253.73,349.00
7772,350.17,349.00
7774,336.39,349.00
7776,350.17,349.00
7778,350.17,349.00
7780,350.17,349.00
7782,336.39,349.00
7784,350.17,349.00
7786,350.17,349.00
7788,350.17,349.00
7790,336.39,349.00
7792,350.17,349.00
7794,350.17,349.00
7796,350.17,349.00
7798,350.17,349.00
7800,350.17,349.00
7802,391.50,349.00
7804,350.17,349.00
7806,336.39,349.00
7808,336.39,349.00
7810,336.39,349.00
7812,363.95,349.00
7814,350.17,349.00
7816,336.39,349.00
7818,336.39,349.00
7820,336.39,349.00
7822,336.39,349.00
7824,336.39,349.00
7826,336.39,349.00
7828,350.17,349.00
7830,363.95,349.00
7832,350.17,349.00
7834,350.17,349.00
7836,281.28,349.00
7838,336.39,349.00
7840,322.62,349.00
7842,336.39,349.00
7844,350.17,349.00
7846,350.17,349.00
7848,350.17,349.00
7850,336.39,349.00
7852,336.39,349.00
7854,336.39,349.00
7856,350.17,349.00
7858,336.39,349.00
7860,350.17,349.00
7862,350.17,349.00
7864,350.17,349.00
7866,350.17,349.00
7868,336.39,349.00
7870,350.17,349.00
7872,336.39,349.00
7874,363.95,349.00
7876,350.17,349.00
7878,336.39,349.00
7880,350.17,349.00
7882,350.17,349.00
7884,350.17,349.00
7886,336.39,349.00
7888,350.17,349.00
7890,336.39,349.00
7892,350.17,349.00
7894,336.39,349.00
7896,350.17,349.00
7898,350.17,349.00
7900,350.17,349.00
7902,336.39,349.00
7904,336.39,349.00
7906,336.39,349.00
7908,336.39,349.00
7910,350.17,349.00
7912,350.17,349.00
7914,350.17,349.00
7916,350.17,349.00
7918,350.17,349.00
7920,350.17,349.00
7922,336.39,349.00
7924,350.17,349.00
7926,350.17,349.00
7928,350.17,349.00
7930,350.17,349.00
7932,336.39,349.00
7934,350.17,349.00
7936,336.39,349.00
7938,336.39,349.00
7940,350.17,349.00
7942,336.39,349.00
7944,350.17,349.00
7946,336.39,349.00
7948,377.72,349.00
7950,336.39,349.00
7952,350.17,349.00
7954,350.17,349.00
7956,336.39,349.00
7958,336.39,349.00
7960,336.39,349.00
7962,350.17,349.00
7964,350.17,349.00
7966,350.17,349.00
7968,350.17,349.00
7970,350.17,349.00
7972,350.17,349.00
7974,336.39,349.00
7976,336.39,349.00
7978,350.17,349.00
7980,446.61,349.00
7982,350.17,349.00
7984,350.17,349.00
7986,350.17,349.00
7988,336.39,349.00
7990,336.39,349.00
7992,336.39,349.00
7994,336.39,349.00
7996,350.17,349.00
7998,350.17,349.00
8000,350.17,349.00
8002,336.39,349.00
8004,336.39,349.00
8006,350.17,349.00
8008,350.17,349.00
8010,363.95,349.00
8012,350.17,349.00
8014,350.17,349.00
8016,350.17,349.00
8018,336.39,349.00
8020,350.17,349.00
8022,336.39,349.00
8024,336.39,349.00
8026,350.17,349.00
8028,350.17,349.00
8030,350.17,349.00
8032,350.17,349.00
8034,350.17,349.00
8036,363.95,349.00
8038,336.39,349.00
8040,336.39,349.00
8042,336.39,349.00
8044,350.17,349.00
8046,350.17,349.00
8048,363.95,349.00
8050,295.06,349.00
8052,350.17,349.00
8054,350.17,349.00
8056,336.39,349.00
8058,350.17,349.00
8060,336.39,349.00
8062,350.17,349.00
8064,350.17,349.00
8066,350.17,349.00
8068,363.95,349.00
8070,350.17,349.00
8072,336.39,349.00
8074,336.39,349.00
8076,336.39,349.00
8078,350.17,349.00
8080,281.28,349.00
8082,350.17,349.00
8084,350.17,349.00
8086,336.39,349.00
8088,336.39,349.00
8090,336.39,349.00
8092,350.17,349.00
8094,350.17,349.00
8096,336.39,349.00
8098,336.39,349.00
8100,350.17,349.00
8102,336.39,349.00
8104,336.39,349.00
8106,336.39,349.00
8108,350.17,349.00
8110,350.17,349.00
8112,336.39,349.00
8114,350.17,349.00
8116,350.17,349.00
8118,350.17,349.00
8120,350.17,349.00
8122,336.39,349.00
8124,336.39,349.00
8126,336.39,349.00
8128,350.17,349.00
8130,308.84,349.00
8132,350.17,349.00
8134,350.17,349.00
8136,336.39,349.00
8138,336.39,349.00
8140,363.95,349.00
8142,350.17,349.00
8144,336.39,349.00
8146,350.17,349.00
8148,377.72,349.00
8150,350.17,349.00
8152,350.17,349.00
8154,350.17,349.00
8156,350.17,349.00
8158,350.17,349.00
8160,350.17,349.00
8162,350.17,349.00
8164,350.17,349.00
8166,350.17,349.00
8168,336.39,349.00
8170,350.17,349.00
8172,336.39,349.00
8174,336.39,349.00
8176,336.39,349.00
8178,350.17,349.00
8180,350.17,349.00
8182,350.17,349.00
8184,336.39,349.00
8186,336.39,349.00
8188,350.17,349.00
8190,336.39,349.00
8192,363.95,349.00
8194,350.17,349.00
8196,336.39,349.00
8198,350.17,349.00
8200,350.17,349.00
8202,350.17,349.00
8204,350.17,349.00
8206,336.39,349.00
8208,336.39,349.00
8210,143.51,349.00
8212,350.17,349.00
8214,350.17,349.00
8216,350.17,349.00
8218,350.17,349.00
8220,363.95,349.00
8222,350.17,349.00
8224,336.39,349.00
8226,336.39,349.00
8228,350.17,349.00
8230,350.17,349.00
8232,363.95,349.00
8234,336.39,349.00
8236,350.17,349.00
8238,350.17,349.00
8240,336.39,349.00
8242,336.39,349.00
8244,336.39,349.00
8246,363.95,349.00
8248,350.17,349.00
8250,336.39,349.00
8252,350.17,349.00
8254,350.17,349.00
8256,336.39,349.00
8258,350.17,349.00
8260,350.17,349.00
8262,350.17,349.00
8264,350.17,349.00
8266,336.39,349.00
8268,336.39,349.00
8270,336.39,349.00
8272,336.39,349.00
8274,336.39,349.00
8276,350.17,349.00
8278,336.39,349.00
8281,350.17,349.00
8283,350.17,349.00
8285,336.39,349.00
8287,350.17,349.00
8289,350.17,349.00
8291,336.39,349.00
8293,336.39,349.00
8295,350.17,349.00
8297,350.17,349.00
8299,363.95,349.00
8301,336.39,349.00
8303,336.39,349.00
8305,336.39,349.00
8307,336.39,349.00
8309,350.17,349.00
8311,350.17,349.00
8313,350.17,349.00
8315,350.17,349.00
8317,350.17,349.00
8319,363.95,349.00
8321,336.39,349.00
8323,336.39,349.00
8325,336.39,349.00
8327,336.39,349.00
8329,350.17,349.00
8331,350.17,349.00
8333,350.17,349.00
8335,363.95,349.00
8337,350.17,349.00
8339,308.84,349.00
8341,336.39,349.00
8343,336.39,349.00
8345,350.17,349.00
8347,350.17,349.00
8349,350.17,349.00
8351,350.17,349.00
8353,350.17,349.00
8355,350.17,349.00
8357,350.17,349.00
8359,363.95,349.00
8361,350.17,349.00
8363,350.17,349.00
8365,350.17,349.00
8367,350.17,349.00
8369,336.39,349.00
8371,336.39,349.00
8373,336.39,349.00
8375,350.17,349.00
8377,350.17,349.00
8379,350.17,349.00
8381,350.17,349.00
8383,350.17,349.00
8385,350.17,349.00
8387,336.39,349.00
8389,350.17,349.00
8391,336.39,349.00
8393,350.17,349.00
8395,350.17,349.00
8397,350.17,349.00
8399,350.17,349.00
8401,322.62,0.00
8403,350.17,0.00
8405,336.39,0.00
8407,350.17,0.00
8409,336.39,0.00
8411,350.17,0.00
8413,336.39,0.00
8415,322.62,0.00
8417,308.84,0.00
8419,308.84,0.00
8421,267.51,0.00
8423,253.73,0.00
8425,281.28,0.00
8427,281.28,0.00
8429,267.51,0.00
8431,267.51,0.00
8433,253.73,0.00
8435,267.51,0.00
8437,239.95,0.00
8439,143.51,0.00
8441,295.06,0.00
8443,184.85,0.00
8445,198.62,0.00
8447,212.40,0.00
8449,171.07,0.00
8451,129.74,0.00
8453,115.96,0.00
8455,115.96,0.00
8457,143.51,0.00
8459,47.08,0.00
8461,129.74,0.00
8463,184.85,0.00
8465,74.63,0.00
8467,74.63,0.00
8469,19.52,0.00
8471,33.30,0.00
8473,33.30,0.00
8475,47.08,0.00
8477,5.74,0.00
8479,19.52,0.00
8481,-8.03,0.00
8483,-21.81,0.00
8485,-35.59,0.00
8487,-90.69,0.00
8489,-63.14,0.00
8491,-76.92,0.00
8493,-76.92,0.00
8495,-90.69,0.00
8497,-187.13,0.00
8499,-104.47,0.00
8501,-132.03,0.00
8503,-145.80,0.00
8505,-159.58,0.00
8507,-173.36,0.00
8509,-173.36,0.00
8511,-173.36,0.00
8513,-173.36,0.00
8515,-187.13,0.00
8517,-187.13,0.00
8519,-187.13,0.00
8521,-187.13,0.00
8523,-200.91,0.00
8525,-187.13,0.00
8527,-187.13,0.00
8529,-200.91,0.00
8531,-187.13,0.00
8533,-187.13,0.00
8535,-242.24,0.00
8537,-200.91,0.00
8539,-187.13,0.00
8541,-187.13,0.00
8543,-187.13,0.00
8545,-187.13,0.00
8547,-214.69,0.00
8549,-173.36,0.00
8551,-173.36,0.00
8553,-228.46,0.00
8555,-214.69,0.00
8557,-173.36,0.00
8559,-242.24,0.00
8561,-187.13,0.00
8563,-159.58,0.00
8565,-159.58,0.00
8567,-145.80,0.00
8569,-145.80,0.00
8571,-145.80,0.00
8573,-145.80,0.00
8575,-145.80,0.00
8577,-132.03,0.00
8579,-173.36,0.00
8581,-132.03,0.00
8583,-132.03,0.00
8585,-118.25,0.00
8587,-118.25,0.00
8589,-132.03,0.00
8591,-118.25,0.00
8593,-228.46,0.00
8595,-104.47,0.00
8597,-187.13,0.00
8599,-90.69,0.00
8601,-90.69,0.00
8603,-90.69,0.00
8605,-118.25,0.00
8607,-90.69,0.00
8609,-187.13,0.00
8611,-76.92,0.00
8613,-76.92,0.00
8615,-90.69,0.00
8617,-76.92,0.00
8619,-63.14,0.00
8621,-90.69,0.00
8623,-35.59,0.00
8625,-63.14,0.00
8627,-49.36,0.00
8629,-63.14,0.00
8631,-35.59,0.00
8633,-63.14,0.00
8635,-8.03,0.00
8637,-35.59,0.00
8639,-35.59,0.00
8641,-35.59,0.00
8643,-35.59,0.00
8645,-63.14,0.00
8647,-21.81,0.00
8649,-21.81,0.00
8651,-8.03,0.00
8653,-21.81,0.00
8655,-8.03,0.00
8657,-8.03,0.00
8659,-8.03,0.00
8661,5.74,0.00
8663,5.74,0.00
8665,-8.03,0.00
8667,5.74,0.00
8669,-21.81,0.00
8671,5.74,0.00
8673,5.74,0.00
8675,19.52,0.00
8677,5.74,0.00
8679,19.52,0.00
8681,47.08,0.00
8683,33.30,0.00
8685,33.30,0.00
8687,19.52,0.00
8689,33.30,0.00
8691,47.08,0.00
8693,47.08,0.00
8695,33.30,0.00
8697,19.52,0.00
8699,47.08,0.00
8701,-132.03,0.00
8703,60.85,0.00
8705,60.85,0.00
8707,-21.81,0.00
8709,60.85,0.00
8711,5.74,0.00
8713,74.63,0.00
8715,74.63,0.00
8717,60.85,0.00
8719,115.96,0.00
8721,5.74,0.00
8723,60.85,0.00
8725,74.63,0.00
8727,60.85,0.00
8729,74.63,0.00
8731,74.63,0.00
8733,74.63,0.00
8735,60.85,0.00
8737,60.85,0.00
8739,60.85,0.00
8741,47.08,0.00
8743,60.85,0.00
8745,60.85,0.00
8747,60.85,0.00
8749,60.85,0.00
8751,-49.36,0.00
8753,47.08,0.00
8755,115.96,0.00
8757,33.30,0.00
8759,47.08,0.00
8761,47.08,0.00
8763,47.08,0.00
8765,47.08,0.00
8767,33.30,0.00
8769,47.08,0.00
8771,33.30,0.00
8773,33.30,0.00
8775,19.52,0.00
8777,-8.03,0.00
8779,-35.59,0.00
8781,33.30,0.00
8783,33.30,0.00
8785,19.52,0.00
8787,19.52,0.00
8789,19.52,0.00
8791,19.52,0.00
8793,19.52,0.00
8795,19.52,0.00
8797,19.52,0.00
8799,5.74,0.00
8801,33.30,0.00
8803,-104.47,0.00
8805,-8.03,0.00
8807,5.74,0.00
8809,5.74,0.00
8811,5.74,0.00
8813,5.74,0.00
8815,5.74,0.00
8817,5.74,0.00
8819,-8.03,0.00
8821,-8.03,0.00
8823,5.74,0.00
8825,-8.03,0.00
8827,-8.03,0.00
8829,-8.03,0.00
8831,-63.14,0.00
8833,-8.03,0.00
8835,-8.03,0.00
8837,-8.03,0.00
8839,-21.81,0.00
8841,5.74,0.00
8843,5.74,0.00
8845,-35.59,0.00
8847,-21.81,0.00
8849,-8.03,0.00
8851,-118.25,0.00
8853,-21.81,0.00
8855,-8.03,0.00
8857,-8.03,0.00
8859,-118.25,0.00
8861,5.74,0.00
8863,5.74,0.00
8865,19.52,0.00
8867,-21.81,0.00
8869,-21.81,0.00
8871,-8.03,0.00
8873,-21.81,0.00
8875,-8.03,0.00
8877,-21.81,0.00
8879,-21.81,0.00
8881,5.74,0.00
8883,-21.81,0.00
8885,-8.03,0.00
8887,-76.92,0.00
8889,-8.03,0.00
8891,-21.81,0.00
8893,-21.81,0.00
8895,-132.03,0.00
8897,-21.81,0.00
8899,5.74,0.00
8901,-21.81,0.00
8903,-35.59,0.00
8905,-35.59,0.00
8907,-104.47,0.00
8909,-35.59,0.00
8911,-35.59,0.00
8913,-21.81,0.00
8915,-21.81,0.00
8917,-21.81,0.00
8919,-8.03,0.00
8921,-35.59,0.00
8923,-21.81,0.00
8925,-35.59,0.00
8927,5.74,0.00
8929,-21.81,0.00
8931,-21.81,0.00
8933,-35.59,0.00
8935,5.74,0.00
8937,-104.47,0.00
8939,-8.03,0.00
8941,-21.81,0.00
8943,-21.81,0.00
8945,-35.59,0.00
8947,-21.81,0.00
8949,-21.81,0.00
8951,-21.81,0.00
8953,-8.03,0.00
8955,-21.81,0.00
8957,-8.03,0.00
8959,-21.81,0.00
8961,-8.03,0.00
8963,-21.81,0.00
8965,-21.81,0.00
8967,-21.81,0.00
8969,-21.81,0.00
8971,-21.81,0.00
8973,-8.03,0.00
8975,-132.03,0.00
8977,-8.03,0.00
8979,5.74,0.00
8981,-8.03,0.00
8983,-8.03,0.00
8985,-8.03,0.00
8987,-8.03,0.00
8989,-8.03,0.00
8991,-8.03,0.00
8993,-8.03,0.00
8995,19.52,0.00
8997,5.74,0.00
8999,5.74,0.00
9001,-173.36,0.00
9003,-8.03,0.00
9005,5.74,0.00
9007,5.74,0.00
9009,5.74,0.00
9011,33.30,0.00
9013,5.74,0.00
9015,5.74,0.00
9017,-8.03,0.00
9019,-8.03,0.00
9021,-8.03,0.00
9023,-8.03,0.00
9025,-8.03,0.00
9027,5.74,0.00
9029,5.74,0.00
9031,-8.03,0.00
9033,5.74,0.00
9035,-8.03,0.00
9037,-8.03,0.00
9039,-8.03,0.00
9041,-8.03,0.00
9043,5.74,0.00
9045,5.74,0.00
9047,5.74,0.00
9049,-8.03,0.00
9051,5.74,0.00
9053,-8.03,0.00
9055,-8.03,0.00
9057,-8.03,0.00
9059,-8.03,0.00
9061,5.74,0.00
9063,-8.03,0.00
9065,-8.03,0.00
9067,5.74,0.00
9069,60.85,0.00
9071,-8.03,0.00
9073,-8.03,0.00
9075,5.74,0.00
9077,-8.03,0.00
9079,5.74,0.00
9081,5.74,0.00
9083,-8.03,0.00
9085,-8.03,0.00
9087,5.74,0.00
9089,-8.03,0.00
9091,-8.03,0.00
9093,5.74,0.00
9095,-8.03,0.00
9097,-8.03,0.00
9099,-8.03,0.00
9101,33.30,0.00
9103,5.74,0.00
9105,19.52,0.00
9107,-8.03,0.00
9109,19.52,0.00
9111,-8.03,0.00
9113,5.74,0.00
9115,-8.03,0.00
9117,5.74,0.00
9119,-8.03,0.00
9121,-8.03,0.00
9123,-8.03,0.00
9125,5.74,0.00
9127,-8.03,0.00
9129,-8.03,0.00
9131,5.74,0.00
9133,5.74,0.00
9135,-8.03,0.00
9137,-8.03,0.00
9139,-104.47,0.00
9141,19.52,0.00
9143,-8.03,0.00
9145,-8.03,0.00
9147,-8.03,0.00
9149,5.74,0.00
9151,-8.03,0.00
9153,-8.03,0.00
9155,-8.03,0.00
9157,5.74,0.00
9159,-8.03,0.00
9161,5.74,0.00
9163,-21.81,0.00
9165,5.74,0.00
9167,-118.25,0.00
9169,5.74,0.00
9171,-8.03,0.00
9173,-8.03,0.00
9175,5.74,0.00
9177,5.74,0.00
9179,19.52,0.00
9181,5.74,0.00
9183,5.74,0.00
9185,5.74,0.00
9187,5.74,0.00
9189,5.74,0.00
9191,5.74,0.00
9193,5.74,0.00
9195,-8.03,0.00
9197,5.74,0.00
9199,5.74,0.00
9201,5.74,0.00
9203,5.74,0.00
9205,5.74,0.00
9207,5.74,0.00
9209,-104.47,0.00
9211,5.74,0.00
9213,5.74,0.00
9215,5.74,0.00
9217,5.74,0.00
9219,19.52,0.00
9221,5.74,0.00
9223,-8.03,0.00
9225,5.74,0.00
9227,5.74,0.00
9229,5.74,0.00
9231,5.74,0.00
9233,5.74,0.00
9235,-118.25,0.00
9237,19.52,0.00
9239,-8.03,0.00
9241,-118.25,0.00
9243,5.74,0.00
9245,19.52,0.00
9247,5.74,0.00
9249,33.30,0.00
9251,5.74,0.00
9253,5.74,0.00
9255,5.74,0.00
9257,-8.03,0.00
9259,5.74,0.00
9261,5.74,0.00
9263,5.74,0.00
9265,5.74,0.00
9267,5.74,0.00
9269,5.74,0.00
9271,5.74,0.00
9273,-8.03,0.00
9275,5.74,0.00
9277,-8.03,0.00
9279,5.74,0.00
9281,19.52,0.00
9283,5.74,0.00
9285,5.74,0.00
9287,5.74,0.00
9289,5.74,0.00
9291,5.74,0.00
9293,5.74,0.00
9295,5.74,0.00
9297,19.52,0.00
9299,5.74,0.00
9301,5.74,0.00
9303,5.74,0.00
9305,5.74,0.00
9307,5.74,0.00
9309,5.74,0.00
9311,5.74,0.00
9313,5.74,0.00
9315,5.74,0.00
9317,5.74,0.00
9319,-8.03,0.00
9321,-8.03,0.00
9323,-8.03,0.00
9325,5.74,0.00
9327,47.08,0.00
9329,19.52,0.00
9331,5.74,0.00
9333,5.74,0.00
9335,5.74,0.00
9337,5.74,0.00
9339,5.74,0.00
9341,5.74,0.00
9343,19.52,0.00
9345,5.74,0.00
9347,5.74,0.00
9349,33.30,0.00
9351,5.74,0.00
9353,5.74,0.00
9355,5.74,0.00
9357,5.74,0.00
9359,5.74,0.00
9361,5.74,0.00
9363,5.74,0.00
9365,5.74,0.00
9367,19.52,0.00
9369,-8.03,0.00
9371,5.74,0.00
9373,5.74,0.00
9375,-132.03,0.00
9377,60.85,0.00
9379,5.74,0.00
9381,5.74,0.00
9383,19.52,0.00
9385,-8.03,0.00
9387,19.52,0.00
9389,-8.03,0.00
9391,-8.03,0.00
9393,5.74,0.00
9395,-8.03,0.00
9397,5.74,0.00
9399,5.74,0.00
9401,-132.03,0.00
9403,5.74,0.00
9405,-8.03,0.00
9407,-104.47,0.00
9409,5.74,0.00
9411,5.74,0.00
9413,19.52,0.00
9415,5.74,0.00
9417,5.74,0.00
9419,5.74,0.00
9421,-8.03,0.00
9423,-63.14,0.00
9425,5.74,0.00
9427,5.74,0.00
9429,5.74,0.00
9431,19.52,0.00
9433,5.74,0.00
9435,5.74,0.00
9437,5.74,0.00
9439,-8.03,0.00
9441,-8.03,0.00
9443,5.74,0.00
9445,5.74,0.00
9447,5.74,0.00
9449,5.74,0.00
9451,5.74,0.00
9453,-8.03,0.00
9455,5.74,0.00
9457,19.52,0.00
9459,19.52,0.00
9461,5.74,0.00
9463,5.74,0.00
9465,5.74,0.00
9467,5.74,0.00
9469,19.52,0.00
9471,19.52,0.00
9473,5.74,0.00
9475,33.30,0.00
9477,5.74,0.00
9479,5.74,0.00
9481,5.74,0.00
9483,5.74,0.00
9485,19.52,0.00
9487,5.74,0.00
9489,33.30,0.00
9491,5.74,0.00
9493,5.74,0.00
9495,-8.03,0.00
9497,33.30,0.00
9499,5.74,0.00
9501,19.52,0.00
9503,5.74,0.00
9505,5.74,0.00
9507,5.74,0.00
9509,47.08,0.00
9511,5.74,0.00
9513,5.74,0.00
9515,19.52,0.00
9517,-35.59,0.00
9519,-90.69,0.00
9521,33.30,0.00
9523,5.74,0.00
9525,-118.25,0.00
9527,5.74,0.00
9529,5.74,0.00
9531,-76.92,0.00
9533,5.74,0.00
9535,5.74,0.00
9537,5.74,0.00
9539,19.52,0.00
9541,5.74,0.00
9543,5.74,0.00
9545,5.74,0.00
9547,19.52,0.00
9549,5.74,0.00
9551,33.30,0.00
9553,-8.03,0.00
9555,5.74,0.00
9557,-8.03,0.00
9559,5.74,0.00
9561,5.74,0.00
9563,19.52,0.00
9565,47.08,0.00
9567,5.74,0.00
9569,-8.03,0.00
9572,-8.03,0.00
9574,-8.03,0.00
9576,33.30,0.00
9578,5.74,0.00
9580,5.74,0.00
9582,5.74,0.00
9584,33.30,0.00
9586,-8.03,0.00
9588,-8.03,0.00
9590,-145.80,0.00
9592,5.74,0.00
9594,-8.03,0.00
9596,-8.03,0.00
9598,-21.81,0.00
9600,-8.03,0.00
9602,-8.03,0.00
9604,-8.03,0.00
9606,-21.81,0.00
9608,-8.03,0.00
9610,-8.03,0.00
9612,-8.03,0.00
9614,-118.25,0.00
9616,5.74,0.00
9618,-8.03,0.00
9620,-21.81,0.00
9622,-8.03,0.00
9624,-8.03,0.00
9626,-8.03,0.00
9628,5.74,0.00
9630,-8.03,0.00
9632,19.52,0.00
9634,-8.03,0.00
9636,5.74,0.00
9638,-8.03,0.00
9640,5.74,0.00
9642,-90.69,0.00
9644,19.52,0.00
9646,5.74,0.00
9648,5.74,0.00
9650,-8.03,0.00
9652,-8.03,0.00
9654,-8.03,0.00
9656,-21.81,0.00
9658,-8.03,0.00
9660,-8.03,0.00
9662,-8.03,0.00
9664,-8.03,0.00
9666,-8.03,0.00
9668,-8.03,0.00
9670,-8.03,0.00
9672,-8.03,0.00
9674,-8.03,0.00
9676,5.74,0.00
9678,5.74,0.00
9680,-8.03,0.00
9682,5.74,0.00
9684,-8.03,0.00
9686,5.74,0.00
9688,-104.47,0.00
9690,-8.03,0.00
9692,5.74,0.00
9694,-8.03,0.00
9696,19.52,0.00
9698,19.52,0.00
9700,5.74,0.00
9702,-8.03,0.00
9704,-8.03,0.00
9706,5.74,0.00
9708,-8.03,0.00
9710,5.74,0.00
9712,5.74,0.00
9714,5.74,0.00
9716,5.74,0.00
9718,-8.03,0.00
9720,-8.03,0.00
9722,5.74,0.00
9724,5.74,0.00
9726,5.74,0.00
9728,-8.03,0.00
9730,5.74,0.00
9732,-8.03,0.00
9734,5.74,0.00
9736,5.74,0.00
9738,-8.03,0.00
9740,-8.03,0.00
9742,-8.03,0.00
9744,-8.03,0.00
9746,5.74,0.00
9748,5.74,0.00
9750,5.74,0.00
9752,5.74,0.00
9754,-8.03,0.00
9756,5.74,0.00
9758,-8.03,0.00
9760,-21.81,0.00
9762,5.74,0.00
9764,5.74,0.00
9766,5.74,0.00
9768,-8.03,0.00
9770,5.74,0.00
9772,-8.03,0.00
9774,5.74,0.00
9776,5.74,0.00
9778,5.74,0.00
9780,5.74,0.00
9782,5.74,0.00
9784,5.74,0.00
9786,-8.03,0.00
9788,5.74,0.00
9790,-8.03,0.00
9792,-8.03,0.00
9794,-8.03,0.00
9796,5.74,0.00
9798,-8.03,0.00
9800,5.74,0.00
9802,-8.03,0.00
9804,-8.03,0.00
9806,-8.03,0.00
9808,-8.03,0.00
9810,5.74,0.00
9812,5.74,0.00
9814,-8.03,0.00
9816,-8.03,0.00
9818,-8.03,0.00
9820,-8.03,0.00
9822,5.74,0.00
9824,-8.03,0.00
9826,-8.03,0.00
9828,5.74,0.00
9830,19.52,0.00
9832,-8.03,0.00
9834,-8.03,0.00
9836,-8.03,0.00
9838,-8.03,0.00
9840,-8.03,0.00
9842,5.74,0.00
9844,5.74,0.00
9846,-8.03,0.00
9848,5.74,0.00
9850,-8.03,0.00
9852,-8.03,0.00
9854,-8.03,0.00
9856,5.74,0.00
9858,5.74,0.00
9860,-8.03,0.00
9862,5.74,0.00
9864,-8.03,0.00
9866,5.74,0.00
9868,5.74,0.00
9870,-8.03,0.00
9872,-8.03,0.00
9874,-8.03,0.00
9876,5.74,0.00
9878,5.74,0.00
9880,-8.03,0.00
9882,33.30,0.00
9884,5.74,0.00
9886,5.74,0.00
9888,-8.03,0.00
9890,-21.81,0.00
9892,-8.03,0.00
9894,5.74,0.00
9896,5.74,0.00
9898,5.74,0.00
9900,-8.03,0.00
9902,-8.03,0.00
9904,-104.47,0.00
9906,60.85,0.00
9908,5.74,0.00
9910,-8.03,0.00
9912,-8.03,0.00
9914,5.74,0.00
9916,5.74,0.00
9918,-104.47,0.00
9920,-8.03,0.00
9922,-8.03,0.00
9924,-21.81,0.00
9926,5.74,0.00
9928,5.74,0.00
9930,47.08,0.00
9932,-90.69,0.00
9934,60.85,0.00
9936,-8.03,0.00
9938,-8.03,0.00
9940,-8.03,0.00
9942,-8.03,0.00
9944,-8.03,0.00
9946,5.74,0.00
9948,5.74,0.00
9950,-8.03,0.00
9952,-8.03,0.00
9954,5.74,0.00
9956,-8.03,0.00
9958,-8.03,0.00
9960,5.74,0.00
9962,5.74,0.00
9964,5.74,0.00
9966,19.52,0.00
9968,-8.03,0.00
9970,5.74,0.00
9972,19.52,0.00
9974,-90.69,0.00
9976,5.74,0.00
9978,5.74,0.00
9980,5.74,0.00
9982,5.74,0.00
9984,5.74,0.00
9986,5.74,0.00
9988,5.74,0.00
9990,5.74,0.00
9992,5.74,0.00
9994,5.74,0.00
9996,-104.47,0.00
9998,5.74,0.00
10000,19.52,0.00
10002,5.74,0.00
10004,5.74,0.00
10006,5.74,0.00
10008,19.52,0.00
10010,47.08,0.00
10012,5.74,0.00
10014,5.74,0.00
10016,19.52,0.00
10018,5.74,0.00
10020,5.74,0.00
10022,5.74,0.00
10024,5.74,0.00
10026,5.74,0.00
10028,19.52,0.00
10030,5.74,0.00
10032,-104.47,0.00
10034,5.74,0.00
10036,5.74,0.00
10038,5.74,0.00
10040,5.74,0.00
10042,19.52,0.00
10044,19.52,0.00
10046,19.52,0.00
10048,47.08,0.00
10050,33.30,0.00
10052,5.74,0.00
10054,5.74,0.00
10056,5.74,0.00
10058,-8.03,0.00
10060,5.74,0.00
10062,5.74,0.00
10064,5.74,0.00
10066,5.74,0.00
10068,5.74,0.00
10070,5.74,0.00
10072,5.74,0.00
10074,5.74,0.00
10076,5.74,0.00
10078,19.52,0.00
10080,19.52,0.00
10082,19.52,0.00
10084,5.74,0.00
10086,5.74,0.00
10088,5.74,0.00
10090,5.74,0.00
10092,-8.03,0.00
10094,-8.03,0.00
10096,5.74,0.00
10098,-8.03,0.00
10100,5.74,0.00
10102,-8.03,0.00
10104,5.74,0.00
10106,-8.03,0.00
10108,33.30,0.00
10110,5.74,0.00
10112,19.52,0.00
10114,19.52,0.00
10116,-8.03,0.00
10118,5.74,0.00
10120,5.74,0.00
10122,19.52,0.00
10124,5.74,0.00
10126,5.74,0.00
10128,5.74,0.00
10130,5.74,0.00
10132,5.74,0.00
10134,5.74,0.00
10136,5.74,0.00
10138,5.74,0.00
10140,19.52,0.00
10142,5.74,0.00
10144,5.74,0.00
10146,5.74,0.00
10148,5.74,0.00
10150,5.74,0.00
10152,5.74,0.00
10154,5.74,0.00
10156,-8.03,0.00
10158,5.74,0.00
10160,-8.03,0.00
10162,19.52,0.00
10164,5.74,0.00
10166,5.74,0.00
10168,5.74,0.00
10170,19.52,0.00
10172,5.74,0.00
10174,-8.03,0.00
10176,5.74,0.00
10178,5.74,0.00
10180,5.74,0.00
10182,33.30,0.00
10184,5.74,0.00
10186,5.74,0.00
10188,5.74,0.00
10190,-8.03,0.00
10192,5.74,0.00
10194,5.74,0.00
10196,5.74,0.00
10198,5.74,0.00
10200,-8.03,0.00
10202,-8.03,0.00
10204,5.74,0.00
10206,5.74,0.00
10208,-8.03,0.00
10210,5.74,0.00
10212,5.74,0.00
10214,19.52,0.00
10216,-8.03,0.00
10218,5.74,0.00
10220,5.74,0.00
10222,5.74,0.00
10224,-8.03,0.00
10226,5.74,0.00
10228,-8.03,0.00
10230,74.63,0.00
10232,5.74,0.00
10234,5.74,0.00
10236,-8.03,0.00
10238,5.74,0.00
10240,5.74,0.00
10242,5.74,0.00
10244,-8.03,0.00
10246,5.74,0.00
10248,5.74,0.00
10250,5.74,0.00
10252,-8.03,0.00
10254,5.74,0.00
10256,-8.03,0.00
10258,5.74,0.00
10260,-8.03,0.00
10262,5.74,0.00
10264,19.52,0.00
10266,19.52,0.00
10268,5.74,0.00
10270,5.74,0.00
10272,5.74,0.00
10274,5.74,0.00
10276,-8.03,0.00
10278,5.74,0.00
10280,19.52,0.00
10282,5.74,0.00
10284,19.52,0.00
10286,5.74,0.00
10288,-8.03,0.00
10290,5.74,0.00
10292,-8.03,0.00
10294,5.74,0.00
10296,-8.03,0.00
10298,5.74,0.00
10300,-8.03,0.00
10302,-90.69,0.00
10304,5.74,0.00
10306,-8.03,0.00
10308,5.74,0.00
10310,5.74,0.00
10312,5.74,0.00
10314,5.74,0.00
10316,5.74,0.00
10318,5.74,0.00
10320,5.74,0.00
10322,-8.03,0.00
10324,-8.03,0.00
10326,-8.03,0.00
10328,5.74,0.00
10330,5.74,0.00
10332,5.74,0.00
10334,5.74,0.00
10336,-35.59,0.00
10338,-8.03,0.00
10340,-8.03,0.00
10342,5.74,0.00
10344,-8.03,0.00
10346,5.74,0.00
10348,5.74,0.00
10350,5.74,0.00
10352,-8.03,0.00
10354,5.74,0.00
10356,-8.03,0.00
10358,5.74,0.00
10360,5.74,0.00
10362,-8.03,0.00
10364,5.74,0.00
10366,5.74,0.00
10368,5.74,0.00
10370,5.74,0.00
10372,-8.03,0.00
10374,-8.03,0.00
10376,5.74,0.00
10378,5.74,0.00
10380,19.52,0.00
10382,5.74,0.00
10384,-8.03,0.00
10386,5.74,0.00
10388,5.74,0.00
10390,-8.03,0.00
10392,5.74,0.00
10394,5.74,0.00
10396,-8.03,0.00
10398,47.08,0.00
10400,5.74,349.00
10402,60.85,349.00
10404,-8.03,349.00
10406,5.74,349.00
10408,-8.03,349.00
10410,19.52,349.00
10412,19.52,349.00
10414,-8.03,349.00
10416,33.30,349.00
10418,33.30,349.00
10420,47.08,349.00
10422,102.18,349.00
10424,60.85,349.00
10426,74.63,349.00
10428,-8.03,349.00
10430,47.08,349.00
10432,129.74,349.00
10434,74.63,349.00
10436,115.96,349.00
10438,88.41,349.00
10440,115.96,349.00
10442,143.51,349.00
10444,157.29,349.00
10446,171.07,349.00
10448,171.07,349.00
10450,184.85,349.00
10452,171.07,349.00
10454,184.85,349.00
10456,212.40,349.00
10458,226.18,349.00
10460,226.18,349.00
10462,308.84,349.00
10464,253.73,349.00
10466,267.51,349.00
10468,281.28,349.00
10470,322.62,349.00
10472,198.62,349.00
10474,308.84,349.00
10476,350.17,349.00
10478,336.39,349.00
10480,350.17,349.00
10482,405.28,349.00
10484,377.72,349.00
10486,391.50,349.00
10488,419.05,349.00
10490,405.28,349.00
10492,419.05,349.00
10494,460.39,349.00
10496,460.39,349.00
10498,515.49,349.00
10500,336.39,349.00
10502,474.16,349.00
10504,474.16,349.00
10506,474.16,349.00
10508,432.83,349.00
10510,446.61,349.00
10512,515.49,349.00
10514,515.49,349.00
10516,487.94,349.00
10518,515.49,349.00
10520,474.16,349.00
10522,474.16,349.00
10524,529.27,349.00
10526,529.27,349.00
10528,474.16,349.00
10530,529.27,349.00
10532,432.83,349.00
10534,529.27,349.00
10536,501.72,349.00
10538,405.28,349.00
10540,501.72,349.00
10542,501.72,349.00
10544,487.94,349.00
10546,501.72,349.00
10548,501.72,349.00
10550,487.94,349.00
10552,474.16,349.00
10554,377.72,349.00
10556,474.16,349.00
10558,460.39,349.00
10560,460.39,349.00
10562,460.39,349.00
10564,446.61,349.00
10566,446.61,349.00
10568,405.28,349.00
10570,405.28,349.00
10572,432.83,349.00
10574,419.05,349.00
10576,419.05,349.00
10578,405.28,349.00
10580,363.95,349.00
10582,377.72,349.00
10584,405.28,349.00
10586,363.95,349.00
10588,391.50,349.00
10590,377.72,349.00
10592,295.06,349.00
10594,377.72,349.00
10596,253.73,349.00
10598,363.95,349.00
10600,239.95,349.00
10602,363.95,349.00
10604,336.39,349.00
10606,336.39,349.00
10608,336.39,349.00
10610,336.39,349.00
10612,336.39,349.00
10614,363.95,349.00
10616,322.62,349.00
10618,226.18,349.00
10620,308.84,349.00
10622,322.62,349.00
10624,308.84,349.00
10626,350.17,349.00
10628,350.17,349.00
10630,308.84,349.00
10632,308.84,349.00
10634,308.84,349.00
10636,295.06,349.00
10638,295.06,349.00
10640,295.06,349.00
10642,308.84,349.00
10644,295.06,349.00
10646,308.84,349.00
10648,295.06,349.00
10650,281.28,349.00
10652,295.06,349.00
10654,267.51,349.00
10656,295.06,349.00
10658,295.06,349.00
10660,295.06,349.00
10662,295.06,349.00
10664,295.06,349.00
10666,295.06,349.00
10668,281.28,349.00
10670,308.84,349.00
10672,281.28,349.00
10674,281.28,349.00
10676,295.06,349.00
10678,295.06,349.00
10680,281.28,349.00
10682,281.28,349.00
10684,295.06,349.00
10686,281.28,349.00
10688,281.28,349.00
10690,295.06,349.00
10692,281.28,349.00
10694,281.28,349.00
10696,295.06,349.00
10698,281.28,349.00
10700,281.28,349.00
10702,198.62,349.00
10704,239.95,349.00
10706,267.51,349.00
10708,198.62,349.00
10710,295.06,349.00
10712,198.62,349.00
10714,281.28,349.00
10716,226.18,349.00
10718,281.28,349.00
10720,281.28,349.00
10722,281.28,349.00
10724,350.17,349.00
10726,295.06,349.00
10728,295.06,349.00
10730,295.06,349.00
10732,308.84,349.00
10734,253.73,349.00
10736,253.73,349.00
10738,281.28,349.00
10740,295.06,349.00
10742,308.84,349.00
10744,281.28,349.00
10746,322.62,349.00
10748,308.84,349.00
10750,295.06,349.00
10752,308.84,349.00
10754,308.84,349.00
10756,308.84,349.00
10758,322.62,349.00
10760,322.62,349.00
10762,322.62,349.00
10764,281.28,349.00
10766,336.39,349.00
10768,336.39,349.00
10770,336.39,349.00
10772,336.39,349.00
10774,336.39,349.00
10776,405.28,349.00
10778,281.28,349.00
10780,281.28,349.00
10782,350.17,349.00
10784,267.51,349.00
10786,350.17,349.00
10788,322.62,349.00
10790,350.17,349.00
10792,363.95,349.00
10794,363.95,349.00
10796,363.95,349.00
10798,363.95,349.00
10800,377.72,349.00
10802,432.83,349.00
10804,363.95,349.00
10806,363.95,349.00
10808,377.72,349.00
10810,377.72,349.00
10812,377.72,349.00
10814,377.72,349.00
10816,377.72,349.00
10818,419.05,349.00
10820,363.95,349.00
10822,377.72,349.00
10824,377.72,349.00
10826,419.05,349.00
10828,377.72,349.00
10830,267.51,349.00
10832,446.61,349.00
10834,253.73,349.00
10836,377.72,349.00
10838,377.72,349.00
10840,377.72,349.00
10842,295.06,349.00
10844,267.51,349.00
10846,391.50,349.00
10848,308.84,349.00
10850,377.72,349.00
10852,377.72,349.00
10854,363.95,349.00
