,529.27,523.60
5087,529.27,523.60
5088,529.27,523.60
5089,529.27,523.60
5090,529.27,523.60
5091,515.49,523.60
5092,515.49,523.60
5093,515.49,523.60
5094,515.49,523.60
5095,515.49,523.60
5096,515.49,523.60
5097,529.27,523.60
5098,515.49,523.60
5099,529.27,523.60
5100,529.27,523.60
5101,529.27,523.60
5102,529.27,523.60
5103,529.27,523.60
5104,515.49,523.60
5105,529.27,523.60
5106,515.49,523.60
5107,529.27,523.60
5108,529.27,523.60
5109,515.49,523.60
5110,515.49,523.60
5111,515.49,523.60
5112,515.49,523.60
5113,515.49,523.60
5114,529.27,523.60
5115,529.27,523.60
5116,529.27,523.60
5117,529.27,523.60
5118,529.27,523.60
5119,529.27,523.60
5120,529.27,523.60
5121,529.27,523.60
5122,529.27,523.60
5123,515.49,523.60
5124,529.27,523.60
5125,515.49,523.60
5126,515.49,523.60
5127,515.49,523.60
5128,515.49,523.60
5129,515.49,523.60
5130,515.49,523.60
5131,529.27,523.60
5132,529.27,523.60
5133,529.27,523.60
5134,529.27,523.60
5135,529.27,523.60
5136,529.27,523.60
5137,529.27,523.60
5138,529.27,523.60
5139,529.27,523.60
5140,515.49,523.60
5141,529.27,523.60
5142,515.49,523.60
5143,515.49,523.60
5144,515.49,523.60
5145,515.49,523.60
5146,515.49,523.60
5147,529.27,523.60
5148,515.49,523.60
5149,529.27,523.60
5150,529.27,523.60
5151,529.27,523.60
5152,529.27,523.60
5153,529.27,523.60
5154,529.27,523.60
5155,529.27,523.60
5156,529.27,523.60
5157,515.49,523.60
5158,515.49,523.60
5159,515.49,523.60
5160,515.49,523.60
5161,515.49,523.60
5162,529.27,523.60
5163,529.27,523.60
5164,515.49,523.60
5165,515.49,523.60
5166,529.27,523.60
5167,529.27,523.60
5168,529.27,523.60
5169,529.27,523.60
5170,529.27,523.60
5171,529.27,523.60
5172,515.49,523.60
5173,529.27,523.60
5174,515.49,523.60
5175,515.49,523.60
5176,515.49,523.60
5177,515.49,523.60
5178,515.49,523.60
5179,529.27,523.60
5180,529.27,523.60
5181,515.49,523.60
5182,529.27,523.60
5183,515.49,523.60
5184,529.27,523.60
5185,529.27,523.60
5186,529.27,523.60
5187,529.27,523.60
5188,529.27,523.60
5189,529.27,523.60
5190,529.27,523.60
5191,529.27,523.60
5192,515.49,523.60
5193,515.49,523.60
5194,515.49,523.60
5195,515.49,523.60
5196,515.49,523.60
5197,515.49,523.60
5198,529.27,523.60
5199,529.27,523.60
5200,529.27,523.60
5201,529.27,523.60
5202,515.49,523.60
5203,529.27,523.60
5204,529.27,523.60
5205,515.49,523.60
5206,515.49,523.60
5207,515.49,523.60
5208,529.27,523.60
5209,515.49,523.60
5210,515.49,523.60
5211,529.27,523.60
5212,515.49,523.60
5213,529.27,523.60
5214,515.49,523.60
5215,515.49,523.60
5216,529.27,523.60
5217,529.27,523.60
5218,529.27,523.60
5219,529.27,523.60
5220,529.27,523.60
5221,529.27,523.60
5222,515.49,523.60
5223,529.27,523.60
5224,515.49,523.60
5225,515.49,523.60
5226,515.49,523.60
5227,515.49,523.60
5228,515.49,523.60
5229,515.49,523.60
5230,515.49,523.60
5231,515.49,523.60
5232,529.27,523.60
5233,529.27,523.60
5234,529.27,523.60
5235,529.27,523.60
5236,529.27,523.60
5237,529.27,523.60
5238,529.27,523.60
5239,529.27,523.60
5240,529.27,523.60
5241,515.49,523.60
5242,515.49,523.60
5243,515.49,523.60
5244,515.49,523.60
5245,515.49,523.60
5246,515.49,523.60
5247,515.49,523.60
5248,529.27,523.60
5249,529.27,523.60
5250,529.27,523.60
5251,515.49,523.60
5252,529.27,523.60
5253,529.27,523.60
5254,529.27,523.60
5255,529.27,523.60
5256,529.27,523.60
5257,515.49,523.60
5258,529.27,523.60
5259,515.49,523.60
5260,529.27,523.60
5261,515.49,523.60
5262,529.27,523.60
5263,515.49,523.60
5264,515.49,523.60
5265,529.27,523.60
5266,529.27,523.60
5267,529.27,523.60
5268,529.27,523.60
5269,529.27,523.60
5270,529.27,523.60
5271,515.49,523.60
5272,529.27,523.60
5273,529.27,523.60
5274,515.49,523.60
5275,529.27,523.60
5276,515.49,523.60
5277,515.49,523.60
5278,515.49,523.60
5279,515.49,523.60
5280,515.49,523.60
5281,529.27,523.60
5282,529.27,523.60
5283,529.27,523.60
5284,529.27,523.60
5285,529.27,523.60
5286,529.27,523.60
5287,529.27,523.60
5288,529.27,523.60
5289,529.27,523.60
5290,529.27,523.60
5291,529.27,523.60
5292,515.49,523.60
5293,515.49,523.60
5294,515.49,523.60
5295,515.49,523.60
5296,515.49,523.60
5297,529.27,523.60
5298,515.49,523.60
5299,529.27,523.60
5300,529.27,523.60
5301,529.27,523.60
5302,529.27,523.60
5303,529.27,523.60
5304,529.27,523.60
5305,529.27,523.60
5306,529.27,523.60
5307,529.27,523.60
5308,515.49,523.60
5309,515.49,523.60
5310,515.49,523.60
5311,515.49,523.60
5312,515.49,523.60
5313,529.27,523.60
5314,515.49,523.60
5315,529.27,523.60
5316,515.49,523.60
5317,529.27,523.60
5318,529.27,523.60
5319,529.27,523.60
5320,529.27,523.60
5321,529.27,523.60
5322,529.27,523.60
5323,529.27,523.60
5324,515.49,523.60
5325,515.49,523.60
5326,515.49,523.60
5327,529.27,523.60
5328,515.49,523.60
5329,515.49,523.60
5330,515.49,523.60
5331,529.27,523.60
5332,529.27,523.60
5333,529.27,523.60
5334,529.27,523.60
5335,529.27,523.60
5336,529.27,523.60
5337,529.27,523.60
5338,529.27,523.60
5339,529.27,523.60
5340,529.27,523.60
5341,515.49,523.60
5342,529.27,523.60
5343,515.49,523.60
5344,515.49,523.60
5345,529.27,523.60
5346,515.49,523.60
5347,515.49,523.60
5348,529.27,523.60
5349,529.27,523.60
5350,529.27,523.60
5351,529.27,523.60
5352,529.27,523.60
5353,529.27,523.60
5354,515.49,523.60
5355,529.27,523.60
5356,529.27,523.60
5357,515.49,523.60
5358,529.27,523.60
5359,515.49,523.60
5360,515.49,523.60
5361,515.49,523.60
5362,515.49,523.60
5363,515.49,523.60
5364,515.49,523.60
5365,529.27,523.60
5366,529.27,523.60
5367,529.27,523.60
5368,529.27,523.60
5369,529.27,523.60
5370,529.27,523.60
5371,529.27,523.60
5372,529.27,523.60
5373,515.49,523.60
5374,515.49,523.60
5375,529.27,523.60
5376,515.49,523.60
5377,515.49,523.60
5378,515.49,523.60
5379,515.49,523.60
5380,515.49,523.60
5381,529.27,523.60
5382,529.27,523.60
5383,529.27,523.60
5384,515.49,523.60
5385,529.27,523.60
5386,515.49,523.60
5387,529.27,523.60
5388,529.27,523.60
5389,529.27,523.60
5390,515.49,523.60
5391,529.27,523.60
5392,515.49,523.60
5393,515.49,523.60
5394,515.49,523.60
5395,515.49,523.60
5396,515.49,523.60
5397,515.49,523.60
5398,529.27,523.60
5399,529.27,523.60
5400,529.27,523.60
5401,529.27,523.60
5402,529.27,523.60
5403,529.27,523.60
5404,529.27,523.60
5405,529.27,523.60
5406,529.27,523.60
5407,529.27,523.60
5408,529.27,523.60
5409,515.49,523.60
5410,515.49,523.60
5411,515.49,523.60
5412,529.27,523.60
5413,515.49,523.60
5414,515.49,523.60
5415,515.49,523.60
5416,515.49,523.60
5417,529.27,523.60
5418,529.27,523.60
5419,529.27,523.60
5420,529.27,523.60
5421,529.27,523.60
5422,529.27,523.60
5423,515.49,523.60
5424,515.49,523.60
5425,529.27,523.60
5426,515.49,523.60
5427,515.49,523.60
5428,515.49,523.60
5429,529.27,523.60
5430,515.49,523.60
5431,529.27,523.60
5432,529.27,523.60
5433,529.27,523.60
5434,529.27,523.60
5435,529.27,523.60
5436,529.27,523.60
5437,529.27,523.60
5438,529.27,523.60
5439,529.27,523.60
5440,515.49,523.60
5441,515.49,523.60
5442,529.27,523.60
5443,515.49,523.60
5444,529.27,523.60
5445,515.49,523.60
5446,515.49,523.60
5447,529.27,523.60
5448,515.49,523.60
5449,529.27,523.60
5450,515.49,523.60
5451,529.27,523.60
5452,529.27,523.60
5453,529.27,523.60
5454,529.27,523.60
5455,529.27,523.60
5456,529.27,523.60
5457,529.27,523.60
5458,515.49,523.60
5459,529.27,523.60
5460,515.49,523.60
5461,515.49,523.60
5462,515.49,523.60
5463,515.49,523.60
5464,529.27,523.60
5465,515.49,523.60
5466,529.27,523.60
5467,529.27,523.60
5468,529.27,523.60
5469,515.49,523.60
5470,529.27,523.60
5471,529.27,523.60
5472,529.27,523.60
5473,529.27,523.60
5474,529.27,523.60
5475,515.49,523.60
5476,515.49,523.60
5477,515.49,523.60
5478,515.49,523.60
5479,515.49,523.60
5480,515.49,523.60
5481,529.27,523.60
5482,515.49,523.60
5483,529.27,523.60
5484,515.49,523.60
5485,529.27,523.60
5486,529.27,523.60
5487,515.49,523.60
5488,529.27,523.60
5489,515.49,523.60
5490,529.27,523.60
5491,515.49,523.60
5492,515.49,523.60
5493,515.49,523.60
5494,515.49,523.60
5495,515.49,523.60
5496,515.49,523.60
5497,529.27,523.60
5498,515.49,523.60
5499,529.27,523.60
5500,529.27,523.60
5501,529.27,523.60
5502,529.27,523.60
5503,529.27,523.60
5504,529.27,523.60
5505,529.27,523.60
5506,529.27,523.60
5507,515.49,523.60
5508,515.49,523.60
5509,515.49,523.60
5510,515.49,523.60
5511,515.49,523.60
5512,515.49,523.60
5513,529.27,523.60
5514,529.27,523.60
5515,529.27,523.60
5516,529.27,523.60
5517,529.27,523.60
5518,529.27,523.60
5519,529.27,523.60
5520,529.27,523.60
5521,529.27,523.60
5522,529.27,523.60
5523,529.27,523.60
5524,529.27,523.60
5525,515.49,523.60
5526,515.49,523.60
5527,515.49,523.60
5528,515.49,523.60
5529,515.49,523.60
5530,529.27,523.60
5531,529.27,523.60
5532,515.49,523.60
5533,529.27,523.60
5534,529.27,523.60
5535,529.27,523.60
5536,529.27,523.60
5537,529.27,523.60
5538,529.27,523.60
5539,515.49,523.60
5540,529.27,523.60
5541,529.27,523.60
5542,515.49,523.60
5543,515.49,523.60
5544,529.27,523.60
5545,515.49,523.60
5546,515.49,523.60
5547,515.49,523.60
5548,515.49,523.60
5549,529.27,523.60
5550,529.27,523.60
5551,529.27,523.60
5552,529.27,523.60
5553,529.27,523.60
5554,529.27,523.60
5555,529.27,523.60
5556,515.49,523.60
5557,529.27,523.60
5558,515.49,523.60
5559,529.27,523.60
5560,529.27,523.60
5561,515.49,523.60
5562,515.49,523.60
5563,529.27,523.60
5564,515.49,523.60
5565,515.49,523.60
5566,529.27,523.60
5567,515.49,523.60
5568,529.27,523.60
5569,529.27,523.60
5570,529.27,523.60
5571,529.27,523.60
5572,529.27,523.60
5573,529.27,523.60
5574,529.27,523.60
5575,529.27,523.60
5576,515.49,523.60
5577,515.49,523.60
5578,515.49,523.60
5579,515.49,523.60
5580,529.27,523.60
5581,529.27,523.60
5582,529.27,523.60
5583,529.27,523.60
5584,529.27,523.60
5585,529.27,523.60
5586,515.49,523.60
5587,529.27,523.60
5588,529.27,523.60
5589,529.27,523.60
5590,529.27,523.60
5591,529.27,523.60
5592,515.49,523.60
5593,529.27,523.60
5594,515.49,523.60
5595,515.49,523.60
5596,529.27,523.60
5597,515.49,523.60
5598,529.27,523.60
5599,529.27,523.60
5600,529.27,523.60
5601,529.27,523.60
5602,529.27,523.60
5603,529.27,523.60
5604,529.27,523.60
5605,529.27,523.60
5606,529.27,523.60
5607,529.27,523.60
5608,515.49,523.60
5609,529.27,523.60
5610,515.49,523.60
5611,515.49,523.60
5612,515.49,523.60
5613,515.49,523.60
5614,529.27,523.60
5615,515.49,523.60
5616,529.27,523.60
5617,529.27,523.60
5618,529.27,523.60
5619,529.27,523.60
5620,529.27,523.60
5621,529.27,523.60
5622,529.27,523.60
5623,515.49,523.60
5624,529.27,523.60
5625,529.27,523.60
5626,515.49,523.60
5627,515.49,523.60
5628,529.27,523.60
5629,515.49,523.60
5630,515.49,523.60
5631,515.49,523.60
5632,529.27,523.60
5633,529.27,523.60
5634,515.49,523.60
5635,529.27,523.60
5636,529.27,523.60
5637,529.27,523.60
5638,515.49,523.60
5639,529.27,523.60
5640,529.27,523.60
5641,515.49,523.60
5642,515.49,523.60
5643,515.49,523.60
5644,515.49,523.60
5645,515.49,523.60
5646,515.49,523.60
5647,515.49,523.60
5648,515.49,523.60
5649,529.27,523.60
5650,529.27,523.60
5651,529.27,523.60
5652,529.27,523.60
5653,529.27,523.60
5654,529.27,523.60
5655,529.27,523.60
5656,515.49,523.60
5657,529.27,523.60
5658,515.49,523.60
5659,515.49,523.60
5660,515.49,523.60
5661,515.49,523.60
5662,529.27,523.60
5663,515.49,523.60
5664,515.49,523.60
5665,515.49,523.60
5666,529.27,523.60
5667,543.05,523.60
5668,529.27,523.60
5669,529.27,523.60
5670,529.27,523.60
5671,529.27,523.60
5672,529.27,523.60
5673,529.27,523.60
5674,529.27,523.60
5675,515.49,523.60
5676,515.49,523.60
5677,515.49,523.60
5678,515.49,523.60
5679,529.27,523.60
5680,515.49,523.60
5681,529.27,523.60
5682,515.49,523.60
5683,529.27,523.60
5684,529.27,523.60
5685,529.27,523.60
5686,529.27,523.60
5687,529.27,523.60
5688,529.27,523.60
5689,529.27,523.60
5690,529.27,523.60
5691,515.49,523.60
5692,529.27,523.60
5693,515.49,523.60
5694,515.49,523.60
5695,515.49,523.60
5696,515.49,523.60
5697,515.49,523.60
5698,529.27,523.60
5699,529.27,523.60
5700,529.27,523.60
5701,529.27,523.60
5702,515.49,523.60
5703,529.27,523.60
5704,515.49,523.60
5705,529.27,523.60
5706,529.27,523.60
5707,515.49,523.60
5708,515.49,523.60
5709,515.49,523.60
5710,515.49,523.60
5711,515.49,523.60
5712,515.49,523.60
5713,515.49,523.60
5714,515.49,523.60
5715,529.27,523.60
5716,529.27,523.60
5717,529.27,523.60
5718,529.27,523.60
5719,529.27,523.60
5720,529.27,523.60
5721,529.27,523.60
5722,529.27,523.60
5723,529.27,523.60
5724,529.27,523.60
5725,515.49,523.60
5726,515.49,523.60
5727,515.49,523.60
5728,515.49,523.60
5729,515.49,523.60
5730,529.27,523.60
5731,515.49,523.60
5732,529.27,523.60
5733,529.27,523.60
5734,529.27,523.60
5735,529.27,523.60
5736,529.27,523.60
5737,529.27,523.60
5738,529.27,523.60
5739,515.49,523.60
5740,529.27,523.60
5741,515.49,523.60
5742,529.27,523.60
5743,515.49,523.60
5744,529.27,523.60
5745,515.49,523.60
5746,529.27,523.60
5747,515.49,523.60
5748,515.49,523.60
5749,515.49,523.60
5750,529.27,523.60
5751,529.27,523.60
5752,529.27,523.60
5753,529.27,523.60
5754,529.27,523.60
5755,529.27,523.60
5756,529.27,523.60
5757,515.49,523.60
5758,515.49,523.60
5759,515.49,523.60
5760,515.49,523.60
5761,515.49,523.60
5762,515.49,523.60
5763,515.49,523.60
5764,529.27,523.60
5765,515.49,523.60
5766,529.27,523.60
5767,529.27,523.60
5768,529.27,523.60
5769,529.27,523.60
5770,529.27,523.60
5771,529.27,523.60
5772,529.27,523.60
5773,529.27,523.60
5774,529.27,523.60
5775,515.49,523.60
5776,515.49,523.60
5777,515.49,523.60
5778,515.49,523.60
5779,515.49,523.60
5780,515.49,523.60
5781,515.49,523.60
5782,529.27,523.60
5783,529.27,523.60
5784,529.27,523.60
5785,529.27,523.60
5786,529.27,523.60
5787,529.27,523.60
5788,529.27,523.60
5789,529.27,523.60
5790,529.27,523.60
5791,515.49,523.60
5792,515.49,523.60
5793,515.49,523.60
5794,515.49,523.60
5795,515.49,523.60
5796,515.49,523.60
5797,515.49,523.60
5798,529.27,523.60
5799,529.27,523.60
5800,529.27,523.60
5801,529.27,523.60
5802,529.27,523.60
5803,529.27,523.60
5804,529.27,523.60
5805,529.27,523.60
5806,529.27,523.60
5807,515.49,523.60
5808,515.49,523.60
5809,529.27,523.60
5810,515.49,523.60
5811,529.27,523.60
5812,515.49,523.60
5813,515.49,523.60
5814,515.49,523.60
5815,529.27,523.60
5816,515.49,523.60
5817,529.27,523.60
5818,529.27,523.60
5819,529.27,523.60
5820,529.27,523.60
5821,529.27,523.60
5822,529.27,523.60
5823,529.27,523.60
5824,529.27,523.60
5825,515.49,523.60
5826,529.27,523.60
5827,515.49,523.60
5828,529.27,523.60
5829,515.49,523.60
5830,529.27,523.60
5831,529.27,523.60
5832,515.49,523.60
5833,529.27,523.60
5834,529.27,523.60
5835,529.27,523.60
5836,529.27,523.60
5837,529.27,523.60
5838,529.27,523.60
5839,529.27,523.60
5840,529.27,523.60
5841,515.49,523.60
5842,515.49,523.60
5843,529.27,523.60
5844,515.49,523.60
5845,515.49,523.60
5846,515.49,523.60
5847,515.49,523.60
5848,515.49,523.60
5849,529.27,523.60
5850,529.27,523.60
5851,529.27,523.60
5852,529.27,523.60
5853,529.27,523.60
5854,529.27,523.60
5855,529.27,523.60
5856,529.27,523.60
5857,529.27,523.60
5858,515.49,523.60
5859,515.49,523.60
5860,515.49,523.60
5861,529.27,523.60
5862,515.49,523.60
5863,515.49,523.60
5864,515.49,523.60
5865,515.49,523.60
5866,529.27,523.60
5867,529.27,523.60
5868,529.27,523.60
5869,529.27,523.60
5870,529.27,523.60
5871,529.27,523.60
5872,529.27,523.60
5873,529.27,523.60
5874,515.49,523.60
5875,515.49,523.60
5876,529.27,523.60
5877,515.49,523.60
5878,515.49,523.60
5879,515.49,523.60
5880,515.49,523.60
5881,529.27,523.60
5882,529.27,523.60
5883,515.49,523.60
5884,529.27,523.60
5885,529.27,523.60
5886,529.27,523.60
5887,529.27,523.60
5888,529.27,523.60
5889,515.49,523.60
5890,529.27,523.60
5891,515.49,523.60
5892,529.27,523.60
5893,515.49,523.60
5894,515.49,523.60
5895,515.49,523.60
5896,515.49,523.60
5897,529.27,523.60
5898,515.49,523.60
5899,529.27,523.60
5900,529.27,523.60
5901,529.27,523.60
5902,529.27,523.60
5903,529.27,523.60
5904,529.27,523.60
5905,529.27,523.60
5906,529.27,523.60
5907,529.27,523.60
5908,515.49,523.60
5909,515.49,523.60
5910,515.49,523.60
5911,515.49,523.60
5912,515.49,523.60
5913,515.49,523.60
5914,529.27,523.60
5915,515.49,523.60
5916,515.49,523.60
5917,529.27,523.60
5918,529.27,523.60
5919,529.27,523.60
5920,529.27,523.60
5921,529.27,523.60
5922,529.27,523.60
5923,529.27,523.60
5924,515.49,523.60
5925,529.27,523.60
5926,515.49,523.60
5927,529.27,523.60
5928,515.49,523.60
5929,515.49,523.60
5930,515.49,523.60
5931,515.49,523.60
5932,529.27,523.60
5933,529.27,523.60
5934,529.27,523.60
5935,529.27,523.60
5936,529.27,523.60
5937,529.27,523.60
5938,529.27,523.60
5939,529.27,523.60
5940,515.49,523.60
5941,515.49,523.60
5942,515.49,523.60
5943,529.27,523.60
5944,515.49,523.60
5945,515.49,523.60
5946,515.49,523.60
5947,529.27,523.60
5948,515.49,523.60
5949,529.27,523.60
5950,529.27,523.60
5951,529.27,523.60
5952,529.27,523.60
5953,529.27,523.60
5954,529.27,523.60
5955,529.27,523.60
5956,529.27,523.60
5957,529.27,523.60
5958,515.49,523.60
5959,515.49,523.60
5960,529.27,523.60
5961,515.49,523.60
5962,515.49,523.60
5963,515.49,523.60
5964,515.49,523.60
5965,529.27,523.60
5966,529.27,523.60
5967,529.27,523.60
5968,529.27,523.60
5969,529.27,523.60
5970,529.27,523.60
5971,529.27,523.60
5972,529.27,523.60
5973,529.27,523.60
5974,515.49,523.60
5975,515.49,523.60
5976,515.49,523.60
5977,515.49,523.60
5978,515.49,523.60
5979,515.49,523.60
5980,515.49,523.60
5981,529.27,523.60
5982,529.27,523.60
5983,529.27,523.60
5984,529.27,523.60
5985,529.27,523.60
5986,529.27,523.60
5987,529.27,523.60
5988,529.27,523.60
5989,529.27,523.60
5990,529.27,523.60
5991,515.49,523.60
5992,515.49,523.60
5993,515.49,523.60
5994,515.49,523.60
5995,515.49,523.60
5996,515.49,523.60
5997,515.49,523.60
5998,529.27,523.60
5999,515.49,523.60
6000,529.27,523.60
6001,529.27,523.60
6002,529.27,523.60
6003,529.27,523.60
6004,529.27,523.60
6005,529.27,523.60
6006,529.27,523.60
6007,529.27,523.60
6008,515.49,523.60
6009,515.49,523.60
6010,515.49,523.60
6011,515.49,523.60
6012,515.49,523.60
6013,529.27,523.60
6014,515.49,523.60
6015,529.27,523.60
6016,529.27,523.60
6017,529.27,523.60
6018,529.27,523.60
6019,515.49,523.60
6020,529.27,523.60
6021,529.27,523.60
6022,515.49,523.60
6023,529.27,523.60
6024,515.49,523.60
6025,529.27,523.60
6026,515.49,523.60
6027,515.49,523.60
6028,515.49,523.60
6029,515.49,523.60
6030,529.27,523.60
6031,515.49,523.60
6032,529.27,523.60
6033,515.49,523.60
6034,529.27,523.60
6035,529.27,523.60
6036,529.27,523.60
6037,529.27,523.60
6038,529.27,523.60
6039,529.27,523.60
6040,515.49,523.60
6041,529.27,523.60
6042,529.27,523.60
6043,515.49,523.60
6044,529.27,523.60
6045,515.49,523.60
6046,515.49,523.60
6047,529.27,523.60
6048,529.27,523.60
6049,515.49,523.60
6050,529.27,523.60
6051,529.27,523.60
6052,529.27,523.60
6053,529.27,523.60
6054,529.27,523.60
6055,529.27,523.60
6056,529.27,523.60
6057,529.27,523.60
6058,529.27,523.60
6059,529.27,523.60
6060,515.49,523.60
6061,515.49,523.60
6062,515.49,523.60
6063,515.49,523.60
6064,515.49,523.60
6065,515.49,523.60
6066,515.49,523.60
6067,529.27,523.60
6068,529.27,523.60
6069,529.27,523.60
6070,529.27,523.60
6071,529.27,523.60
6072,529.27,523.60
6073,529.27,523.60
6074,515.49,523.60
6075,529.27,523.60
6076,515.49,523.60
6077,515.49,523.60
6078,515.49,523.60
6079,515.49,523.60
6080,515.49,523.60
6081,529.27,523.60
6082,515.49,523.60
6083,515.49,523.60
6084,529.27,523.60
6085,529.27,523.60
6086,529.27,523.60
6087,529.27,523.60
6088,529.27,523.60
6089,529.27,523.60
6090,515.49,523.60
6091,515.49,523.60
6092,515.49,523.60
6093,515.49,523.60
6094,515.49,523.60
6095,515.49,523.60
6096,515.49,523.60
6097,529.27,523.60
6098,515.49,523.60
6099,529.27,523.60
6100,529.27,523.60
6101,529.27,523.60
6102,529.27,523.60
6103,529.27,523.60
6104,529.27,523.60
6105,515.49,523.60
6106,529.27,523.60
6107,529.27,523.60
6108,515.49,523.60
6109,515.49,523.60
6110,515.49,523.60
6111,515.49,523.60
6112,515.49,523.60
6113,515.49,523.60
6114,515.49,523.60
6115,515.49,523.60
6116,529.27,523.60
6117,529.27,523.60
6118,529.27,523.60
6119,529.27,523.60
6120,529.27,523.60
6121,529.27,523.60
6122,515.49,523.60
6123,529.27,523.60
6124,529.27,523.60
6125,529.27,523.60
6126,515.49,523.60
6127,529.27,523.60
6128,515.49,523.60
6129,515.49,523.60
6130,515.49,523.60
6131,529.27,523.60
6132,515.49,523.60
6133,529.27,523.60
6134,529.27,523.60
6135,529.27,523.60
6136,529.27,523.60
6137,529.27,523.60
6138,529.27,523.60
6139,529.27,523.60
6140,529.27,523.60
6141,515.49,523.60
6142,529.27,523.60
6143,515.49,523.60
6144,515.49,523.60
6145,515.49,523.60
6146,515.49,523.60
6147,515.49,523.60
6148,515.49,523.60
6149,529.27,523.60
6150,529.27,523.60
6151,529.27,523.60
6152,529.27,523.60
6153,529.27,523.60
6154,529.27,523.60
6155,529.27,523.60
6156,529.27,523.60
6157,529.27,523.60
6158,515.49,523.60
6159,515.49,523.60
6160,515.49,523.60
6161,515.49,523.60
6162,515.49,523.60
6163,515.49,523.60
6164,515.49,523.60
6165,515.49,523.60
6166,529.27,523.60
6167,515.49,523.60
6168,529.27,523.60
6169,529.27,523.60
6170,529.27,523.60
6171,529.27,523.60
6172,529.27,523.60
6173,529.27,523.60
6174,515.49,523.60
6175,515.49,523.60
6176,515.49,523.60
6177,529.27,523.60
6178,515.49,523.60
6179,515.49,523.60
6180,529.27,523.60
6181,529.27,523.60
6182,529.27,523.60
6183,529.27,523.60
6184,529.27,523.60
6185,529.27,523.60
6186,529.27,523.60
6187,529.27,523.60
6188,515.49,523.60
6189,529.27,523.60
6190,529.27,523.60
6191,515.49,523.60
6192,529.27,523.60
6193,529.27,523.60
6194,515.49,523.60
6195,515.49,523.60
6196,529.27,523.60
6197,515.49,523.60
6198,515.49,523.60
6199,529.27,523.60
6200,529.27,523.60
6201,529.27,523.60
6202,529.27,523.60
6203,529.27,523.60
6204,529.27,523.60
6205,529.27,523.60
6206,529.27,523.60
6207,529.27,523.60
6208,515.49,523.60
6209,529.27,523.60
6210,529.27,523.60
6211,515.49,523.60
6212,515.49,523.60
6213,529.27,523.60
6214,515.49,523.60
6215,515.49,523.60
6216,529.27,523.60
6217,515.49,523.60
6218,529.27,523.60
6219,529.27,523.60
6220,529.27,523.60
6221,529.27,523.60
6222,529.27,523.60
6223,529.27,523.60
6224,515.49,523.60
6225,529.27,523.60
6226,515.49,523.60
6227,529.27,523.60
6228,515.49,523.60
6229,515.49,523.60
6230,515.49,523.60
6231,515.49,523.60
6232,515.49,523.60
6233,529.27,523.60
6234,529.27,523.60
6235,529.27,523.60
6236,529.27,523.60
6237,529.27,523.60
6238,529.27,523.60
6239,529.27,523.60
6240,515.49,523.60
6241,515.49,523.60
6242,515.49,523.60
6243,529.27,523.60
6244,515.49,523.60
6245,515.49,523.60
6246,515.49,523.60
6247,515.49,523.60
6248,515.49,523.60
6249,529.27,523.60
6250,529.27,523.60
6251,529.27,523.60
6252,529.27,523.60
6253,529.27,523.60
6254,529.27,523.60
6255,529.27,523.60
6256,529.27,523.60
6257,529.27,523.60
6258,515.49,523.60
6259,529.27,523.60
6260,515.49,523.60
6261,515.49,523.60
6262,529.27,523.60
6263,529.27,523.60
6264,529.27,523.60
6265,529.27,523.60
6266,529.27,523.60
6267,529.27,523.60
6268,529.27,523.60
6269,529.27,523.60
6270,529.27,523.60
6271,529.27,523.60
6272,529.27,523.60
6273,515.49,523.60
6274,529.27,523.60
6275,529.27,523.60
6276,515.49,523.60
6277,515.49,523.60
6278,529.27,523.60
6279,515.49,523.60
6280,515.49,523.60
6281,515.49,523.60
6282,529.27,523.60
6283,529.27,523.60
6284,529.27,523.60
6285,529.27,523.60
6286,529.27,523.60
6287,529.27,523.60
6288,529.27,523.60
6289,529.27,523.60
6290,515.49,523.60
6291,515.49,523.60
6292,529.27,523.60
6293,515.49,523.60
6294,515.49,523.60
6295,529.27,523.60
6296,515.49,523.60
6297,515.49,523.60
6298,515.49,523.60
6299,529.27,523.60
6300,529.27,523.60
6301,529.27,0.00
6302,529.27,0.00
6303,529.27,0.00
6304,529.27,0.00
6305,515.49,0.00
6306,515.49,0.00
6307,515.49,0.00
6308,501.72,0.00
6309,501.72,0.00
6310,501.72,0.00
6311,501.72,0.00
6312,487.94,0.00
6313,487.94,0.00
6314,487.94,0.00
6315,474.16,0.00
6316,474.16,0.00
6317,474.16,0.00
6318,474.16,0.00
6319,460.39,0.00
6320,460.39,0.00
6321,460.39,0.00
6322,432.83,0.00
6323,432.83,0.00
6324,432.83,0.00
6325,419.05,0.00
6326,405.28,0.00
6327,405.28,0.00
6328,391.50,0.00
6329,391.50,0.00
6330,377.72,0.00
6331,377.72,0.00
6332,363.95,0.00
6333,363.95,0.00
6334,350.17,0.00
6335,350.17,0.00
6336,336.39,0.00
6337,336.39,0.00
6338,322.62,0.00
6339,308.84,0.00
6340,295.06,0.00
6341,295.06,0.00
6342,281.28,0.00
6343,267.51,0.00
6344,253.73,0.00
6345,253.73,0.00
6346,239.95,0.00
6347,226.18,0.00
6348,226.18,0.00
6349,212.40,0.00
6350,212.40,0.00
6351,198.62,0.00
6352,184.85,0.00
6353,184.85,0.00
6354,171.07,0.00
6355,157.29,0.00
6356,157.29,0.00
6357,143.51,0.00
6358,129.74,0.00
6359,129.74,0.00
6360,115.96,0.00
6361,102.18,0.00
6362,102.18,0.00
6363,102.18,0.00
6364,88.41,0.00
6365,-35.59,0.00
6366,88.41,0.00
6367,5.74,0.00
6368,60.85,0.00
6369,102.18,0.00
6370,47.08,0.00
6371,60.85,0.00
6372,88.41,0.00
6373,129.74,0.00
6374,19.52,0.00
6375,33.30,0.00
6376,33.30,0.00
6377,19.52,0.00
6378,19.52,0.00
6379,5.74,0.00
6380,5.74,0.00
6381,5.74,0.00
6382,-8.03,0.00
6383,-8.03,0.00
6384,-8.03,0.00
6385,-8.03,0.00
6386,-8.03,0.00
6387,-21.81,0.00
6388,-21.81,0.00
6389,-21.81,0.00
6390,-21.81,0.00
6391,-21.81,0.00
6392,-21.81,0.00
6393,-35.59,0.00
6394,-35.59,0.00
6395,-35.59,0.00
6396,-35.59,0.00
6397,-35.59,0.00
6398,-35.59,0.00
6399,-35.59,0.00
6400,-35.59,0.00
6401,-35.59,0.00
6402,-35.59,0.00
6403,-21.81,0.00
6404,-35.59,0.00
6405,-35.59,0.00
6406,-35.59,0.00
6407,-35.59,0.00
6408,-35.59,0.00
6409,-35.59,0.00
6410,-35.59,0.00
6411,-35.59,0.00
6412,-35.59,0.00
6413,-35.59,0.00
6414,-35.59,0.00
6415,-49.36,0.00
6416,-21.81,0.00
6417,-35.59,0.00
6418,-35.59,0.00
6419,-21.81,0.00
6420,-35.59,0.00
6421,-35.59,0.00
6422,-35.59,0.00
6423,-35.59,0.00
6424,-35.59,0.00
6425,-35.59,0.00
6426,-35.59,0.00
6427,-35.59,0.00
6428,-35.59,0.00
6429,-35.59,0.00
6430,-35.59,0.00
6431,-35.59,0.00
6432,-21.81,0.00
6433,-35.59,0.00
6434,-21.81,0.00
6435,-21.81,0.00
6436,-21.81,0.00
6437,-21.81,0.00
6438,-8.03,0.00
6439,-21.81,0.00
6440,-21.81,0.00
6441,-21.81,0.00
6442,-21.81,0.00
6443,-21.81,0.00
6444,-21.81,0.00
6445,-21.81,0.00
6446,-21.81,0.00
6447,-21.81,0.00
6448,-21.81,0.00
6449,-8.03,0.00
6450,-8.03,0.00
6451,-8.03,0.00
6452,5.74,0.00
6453,-8.03,0.00
6454,-8.03,0.00
6455,-8.03,0.00
6456,-8.03,0.00
6457,-8.03,0.00
6458,-21.81,0.00
6459,-8.03,0.00
6460,-8.03,0.00
6461,-8.03,0.00
6462,-8.03,0.00
6463,-8.03,0.00
6464,-8.03,0.00
6465,-8.03,0.00
6466,-8.03,0.00
6467,-8.03,0.00
6468,5.74,0.00
6469,5.74,0.00
6470,5.74,0.00
6471,5.74,0.00
6472,5.74,0.00
6473,5.74,0.00
6474,-8.03,0.00
6475,5.74,0.00
6476,-8.03,0.00
6477,-8.03,0.00
6478,-8.03,0.00
6479,5.74,0.00
6480,5.74,0.00
6481,5.74,0.00
6482,5.74,0.00
6483,5.74,0.00
6484,5.74,0.00
6485,5.74,0.00
6486,5.74,0.00
6487,5.74,0.00
6488,5.74,0.00
6489,5.74,0.00
6490,5.74,0.00
6491,-8.03,0.00
6492,5.74,0.00
6493,5.74,0.00
6494,5.74,0.00
6495,5.74,0.00
6496,-8.03,0.00
6497,5.74,0.00
6498,-8.03,0.00
6499,5.74,0.00
6500,5.74,0.00
6501,5.74,0.00
6502,5.74,0.00
6503,5.74,0.00
6504,5.74,0.00
6505,5.74,0.00
6506,5.74,0.00
6507,5.74,0.00
6508,5.74,0.00
6509,5.74,0.00
6510,-8.03,0.00
6511,-8.03,0.00
6512,-8.03,0.00
6513,-8.03,0.00
6514,5.74,0.00
6515,5.74,0.00
6516,5.74,0.00
6517,5.74,0.00
6518,5.74,0.00
6519,5.74,0.00
6520,5.74,0.00
6521,5.74,0.00
6522,5.74,0.00
6523,5.74,0.00
6524,5.74,0.00
6525,5.74,0.00
6526,5.74,0.00
6527,5.74,0.00
6528,-8.03,0.00
6529,5.74,0.00
6530,5.74,0.00
6531,5.74,0.00
6532,-8.03,0.00
6533,5.74,0.00
6534,5.74,0.00
6535,5.74,0.00
6536,5.74,0.00
6537,5.74,0.00
6538,5.74,0.00
6539,5.74,0.00
6540,5.74,0.00
6541,-8.03,0.00
6542,5.74,0.00
6543,-8.03,0.00
6544,-8.03,0.00
6545,-8.03,0.00
6546,-8.03,0.00
6547,-8.03,0.00
6548,-8.03,0.00
6549,5.74,0.00
6550,5.74,0.00
6551,5.74,0.00
6552,5.74,0.00
6553,5.74,0.00
6554,-21.81,0.00
6555,5.74,0.00
6556,-8.03,0.00
6557,-8.03,0.00
6558,5.74,0.00
6559,-8.03,0.00
6560,-8.03,0.00
6561,-8.03,0.00
6562,-8.03,0.00
6563,-8.03,0.00
6564,5.74,0.00
6565,-8.03,0.00
6566,5.74,0.00
6567,5.74,0.00
6568,5.74,0.00
6569,5.74,0.00
6570,5.74,0.00
6571,5.74,0.00
6572,5.74,0.00
6573,5.74,0.00
6574,-8.03,0.00
6575,5.74,0.00
6576,5.74,0.00
6577,-8.03,0.00
6578,5.74,0.00
6579,-8.03,0.00
6580,5.74,0.00
6581,5.74,0.00
6582,5.74,0.00
6583,5.74,0.00
6584,5.74,0.00
6585,5.74,0.00
6586,5.74,0.00
6587,5.74,0.00
6588,5.74,0.00
6589,5.74,0.00
6590,5.74,0.00
6591,5.74,0.00
6592,5.74,0.00
6593,-8.03,0.00
6594,5.74,0.00
6595,-8.03,0.00
6596,-8.03,0.00
6597,-8.03,0.00
6598,5.74,0.00
6599,-8.03,0.00
6600,5.74,0.00
6601,5.74,0.00
6602,5.74,0.00
6603,5.74,0.00
6604,5.74,0.00
6605,5.74,0.00
6606,5.74,0.00
6607,-8.03,0.00
6608,5.74,0.00
6609,-8.03,0.00
6610,-8.03,0.00
6611,-8.03,0.00
6612,-8.03,0.00
6613,-8.03,0.00
6614,-8.03,0.00
6615,5.74,0.00
6616,-8.03,0.00
6617,5.74,0.00
6618,-21.81,0.00
6619,5.74,0.00
6620,5.74,0.00
6621,5.74,0.00
6622,5.74,0.00
6623,5.74,0.00
6624,-8.03,0.00
6625,5.74,0.00
6626,-8.03,0.00
6627,-8.03,0.00
6628,-8.03,0.00
6629,-8.03,0.00
6630,5.74,0.00
6631,-8.03,0.00
6632,5.74,0.00
6633,5.74,0.00
6634,-8.03,0.00
6635,5.74,0.00
6636,-8.03,0.00
6637,5.74,0.00
6638,5.74,0.00
6639,5.74,0.00
6640,5.74,0.00
6641,5.74,0.00
6642,-8.03,0.00
6643,-8.03,0.00
6644,-8.03,0.00
6645,-8.03,0.00
6646,-8.03,0.00
6647,-8.03,0.00
6648,5.74,0.00
6649,-8.03,0.00
6650,5.74,0.00
6651,5.74,0.00
6652,5.74,0.00
6653,5.74,0.00
6654,5.74,0.00
6655,5.74,0.00
6656,-8.03,0.00
6657,5.74,0.00
6658,-8.03,0.00
6659,-8.03,0.00
6660,-8.03,0.00
6661,-8.03,0.00
6662,-8.03,0.00
6663,-8.03,0.00
6664,-8.03,0.00
6665,5.74,0.00
6666,-8.03,0.00
6667,5.74,0.00
6668,5.74,0.00
6669,5.74,0.00
6670,5.74,0.00
6671,-8.03,0.00
6672,5.74,0.00
6673,-8.03,0.00
6674,5.74,0.00
6675,5.74,0.00
6676,-8.03,0.00
6677,-8.03,0.00
6678,-8.03,0.00
6679,-8.03,0.00
6680,-8.03,0.00
6681,-8.03,0.00
6682,5.74,0.00
6683,5.74,0.00
6684,5.74,0.00
6685,-8.03,0.00
6686,5.74,0.00
6687,5.74,0.00
6688,5.74,0.00
6689,5.74,0.00
6690,-8.03,0.00
6691,5.74,0.00
6692,-8.03,0.00
6693,-8.03,0.00
6694,-8.03,0.00
6695,5.74,0.00
6696,-8.03,0.00
6697,-8.03,0.00
6698,-8.03,0.00
6699,5.74,0.00
6700,5.74,0.00
6701,5.74,0.00
6702,5.74,0.00
6703,5.74,0.00
6704,5.74,0.00
6705,-8.03,0.00
6706,5.74,0.00
6707,-8.03,0.00
6708,-8.03,0.00
6709,5.74,0.00
6710,-8.03,0.00
6711,-8.03,0.00
6712,-8.03,0.00
6713,-8.03,0.00
6714,-8.03,0.00
6715,5.74,0.00
6716,5.74,0.00
6717,-8.03,0.00
6718,5.74,0.00
6719,5.74,0.00
6720,5.74,0.00
6721,5.74,0.00
6722,5.74,0.00
6723,5.74,0.00
6724,-8.03,0.00
6725,-8.03,0.00
6726,-8.03,0.00
6727,-8.03,0.00
6728,-8.03,0.00
6729,-8.03,0.00
6730,-8.03,0.00
6731,-8.03,0.00
6732,-8.03,0.00
6733,5.74,0.00
6734,5.74,0.00
6735,-8.03,0.00
6736,5.74,0.00
6737,5.74,0.00
6738,5.74,0.00
6739,5.74,0.00
6740,-8.03,0.00
6741,5.74,0.00
6742,5.74,0.00
6743,-8.03,0.00
6744,5.74,0.00
6745,-8.03,0.00
6746,-8.03,0.00
6747,5.74,0.00
6748,-8.03,0.00
6749,5.74,0.00
6750,5.74,0.00
6751,-8.03,0.00
6752,5.74,0.00
6753,5.74,0.00
6754,5.74,0.00
6755,-8.03,0.00
6756,-8.03,0.00
6757,5.74,0.00
6758,-8.03,0.00
6759,-8.03,0.00
6760,5.74,0.00
6761,5.74,0.00
6762,-8.03,0.00
6763,-8.03,0.00
6764,-8.03,0.00
6765,-8.03,0.00
6766,5.74,0.00
6767,-8.03,0.00
6768,5.74,0.00
6769,5.74,0.00
6770,5.74,0.00
6771,5.74,0.00
6772,5.74,0.00
6773,5.74,0.00
6774,5.74,0.00
6775,5.74,0.00
6776,5.74,0.00
6777,5.74,0.00
6778,-8.03,0.00
6779,-8.03,0.00
6780,-8.03,0.00
6781,-8.03,0.00
6782,-8.03,0.00
6783,5.74,0.00
6784,5.74,0.00
6785,5.74,0.00
6786,5.74,0.00
6787,5.74,0.00
6788,5.74,0.00
6789,-8.03,0.00
6790,5.74,0.00
6791,-8.03,0.00
6792,5.74,0.00
6793,-8.03,0.00
6794,-8.03,0.00
6795,-8.03,0.00
6796,-8.03,0.00
6797,5.74,0.00
6798,5.74,0.00
6799,-8.03,0.00
6800,5.74,0.00
6801,5.74,0.00
6802,5.74,0.00
6803,5.74,0.00
6804,5.74,0.00
6805,5.74,0.00
6806,5.74,0.00
6807,5.74,0.00
6808,5.74,0.00
6809,-8.03,0.00
6810,-8.03,0.00
6811,-8.03,0.00
6812,-8.03,0.00
6813,-8.03,0.00
6814,-8.03,0.00
6815,-8.03,0.00
6816,5.74,0.00
6817,5.74,0.00
6818,-8.03,0.00
6819,-8.03,0.00
6820,5.74,0.00
6821,-8.03,0.00
6822,5.74,0.00
6823,5.74,0.00
6824,5.74,0.00
6825,-8.03,0.00
6826,-8.03,0.00
6827,-8.03,0.00
6828,-8.03,0.00
6829,5.74,0.00
6830,-8.03,0.00
6831,-8.03,0.00
6832,-8.03,0.00
6833,5.74,0.00
6834,5.74,0.00
6835,5.74,0.00
6836,5.74,0.00
6837,5.74,0.00
6838,5.74,0.00
6839,5.74,0.00
6840,5.74,0.00
6841,5.74,0.00
6842,-8.03,0.00
6843,-8.03,0.00
6844,-8.03,0.00
6845,-8.03,0.00
6846,-8.03,0.00
6847,5.74,0.00
6848,-21.81,0.00
6849,5.74,0.00
6850,-8.03,0.00
6851,5.74,0.00
6852,5.74,0.00
6853,5.74,0.00
6854,5.74,0.00
6855,5.74,0.00
6856,5.74,0.00
6857,5.74,0.00
6858,-8.03,0.00
6859,5.74,0.00
6860,-8.03,0.00
6861,-8.03,0.00
6862,5.74,0.00
6863,5.74,0.00
6864,5.74,0.00
6865,-8.03,0.00
6866,-8.03,0.00
6867,5.74,0.00
6868,5.74,0.00
6869,5.74,0.00
6870,5.74,0.00
6871,5.74,0.00
6872,5.74,0.00
6873,-8.03,0.00
6874,5.74,0.00
6875,-8.03,0.00
6876,5.74,0.00
6877,-8.03,0.00
6878,-8.03,0.00
6879,-8.03,0.00
6880,-8.03,0.00
6881,5.74,0.00
6882,-8.03,0.00
6883,5.74,0.00
6884,5.74,0.00
6885,5.74,0.00
6886,5.74,0.00
6887,5.74,0.00
6888,5.74,0.00
6889,5.74,0.00
6890,5.74,0.00
6891,5.74,0.00
6892,5.74,0.00
6893,-8.03,0.00
6894,-8.03,0.00
6895,5.74,0.00
6896,-8.03,0.00
6897,5.74,0.00
6898,-8.03,0.00
6899,-8.03,0.00
6900,5.74,0.00
6901,5.74,0.00
6902,5.74,0.00
6903,5.74,0.00
6904,5.74,0.00
6905,5.74,0.00
6906,-63.14,0.00
6907,33.30,0.00
6908,5.74,0.00
6909,5.74,0.00
6910,-8.03,0.00
6911,-8.03,0.00
6912,-8.03,0.00
6913,-8.03,0.00
6914,-8.03,0.00
6915,-8.03,0.00
6916,5.74,0.00
6917,5.74,0.00
6918,5.74,0.00
6919,5.74,0.00
6920,5.74,0.00
6921,5.74,0.00
6922,5.74,0.00
6923,5.74,0.00
6924,5.74,0.00
6925,-8.03,0.00
6926,5.74,0.00
6927,-8.03,0.00
6928,-8.03,0.00
6929,-8.03,0.00
6930,5.74,0.00
6931,-8.03,0.00
6932,-8.03,0.00
6933,5.74,0.00
6934,5.74,0.00
6935,5.74,0.00
6936,5.74,0.00
6937,5.74,0.00
6938,5.74,0.00
6939,5.74,0.00
6940,5.74,0.00
6941,-8.03,0.00
6942,5.74,0.00
6943,-8.03,0.00
6944,5.74,0.00
6945,-8.03,0.00
6946,-8.03,0.00
6947,5.74,0.00
6948,-8.03,0.00
6949,-8.03,0.00
6950,-8.03,0.00
6951,5.74,0.00
6952,5.74,0.00
6953,5.74,0.00
6954,5.74,0.00
6955,5.74,0.00
6956,5.74,0.00
6957,5.74,0.00
6958,5.74,0.00
6959,5.74,0.00
6960,-8.03,0.00
6961,-8.03,0.00
6962,-8.03,0.00
6963,-8.03,0.00
6964,-8.03,0.00
6965,5.74,0.00
6966,5.74,0.00
6967,5.74,0.00
6968,5.74,0.00
6969,5.74,0.00
6970,5.74,0.00
6971,5.74,0.00
6972,5.74,0.00
6973,5.74,0.00
6974,-8.03,0.00
6975,5.74,0.00
6976,5.74,0.00
6977,5.74,0.00
6978,-8.03,0.00
6979,-8.03,0.00
6980,-8.03,0.00
6981,5.74,0.00
6982,-8.03,0.00
6983,5.74,0.00
6984,5.74,0.00
6985,5.74,0.00
6986,5.74,0.00
6987,5.74,0.00
6988,5.74,0.00
6989,5.74,0.00
6990,5.74,0.00
6991,5.74,0.00
6992,5.74,0.00
6993,-8.03,0.00
6994,-8.03,0.00
6995,-8.03,0.00
6996,-8.03,0.00
6997,5.74,0.00
6998,-8.03,0.00
6999,5.74,0.00
7000,5.74,0.00
7001,5.74,0.00
7002,5.74,0.00
7003,5.74,0.00
7004,5.74,0.00
7005,5.74,0.00
7006,5.74,0.00
7007,5.74,0.00
7008,-8.03,0.00
7009,5.74,0.00
7010,-8.03,0.00
7011,-8.03,0.00
7012,-8.03,0.00
7013,-8.03,0.00
7014,-8.03,0.00
7015,-8.03,0.00
7016,-8.03,0.00
7017,5.74,0.00
7018,5.74,0.00
7019,5.74,0.00
7020,5.74,0.00
7021,5.74,0.00
7022,5.74,0.00
7023,5.74,0.00
7024,5.74,0.00
7025,-8.03,0.00
7026,-8.03,0.00
7027,-8.03,0.00
7028,-8.03,0.00
7029,-8.03,0.00
7030,-8.03,0.00
7031,5.74,0.00
7032,-8.03,0.00
7033,5.74,0.00
7034,5.74,0.00
7035,5.74,0.00
7036,5.74,0.00
7037,5.74,0.00
7038,5.74,0.00
7039,5.74,0.00
7040,-8.03,0.00
7041,5.74,0.00
7042,5.74,0.00
7043,-8.03,0.00
7044,-8.03,0.00
7045,5.74,0.00
7046,-8.03,0.00
7047,5.74,0.00
7048,-8.03,0.00
7049,5.74,0.00
7050,5.74,0.00
7051,5.74,0.00
7052,5.74,0.00
7053,5.74,0.00
7054,-8.03,0.00
7055,5.74,0.00
7056,5.74,0.00
7057,5.74,0.00
7058,-8.03,0.00
7059,5.74,0.00
7060,-8.03,0.00
7061,-8.03,0.00
7062,-8.03,0.00
7063,-8.03,0.00
7064,-8.03,0.00
7065,-8.03,0.00
7066,-8.03,0.00
7067,5.74,0.00
7068,-8.03,0.00
7069,5.74,0.00
7070,5.74,0.00
7071,5.74,0.00
7072,5.74,0.00
7073,5.74,0.00
7074,5.74,0.00
7075,5.74,0.00
7076,-8.03,0.00
7077,-8.03,0.00
7078,-8.03,0.00
7079,5.74,0.00
7080,-8.03,0.00
7081,5.74,0.00
7082,5.74,0.00
7083,5.74,0.00
7084,5.74,0.00
7085,5.74,0.00
7086,5.74,0.00
7087,5.74,0.00
7088,5.74,0.00
7089,5.74,0.00
7090,5.74,0.00
7091,5.74,0.00
7092,-8.03,0.00
7093,-8.03,0.00
7094,-8.03,0.00
7095,-8.03,0.00
7096,-8.03,0.00
7097,5.74,0.00
7098,5.74,0.00
7099,-8.03,0.00
7100,5.74,0.00
7101,5.74,0.00
7102,5.74,0.00
7103,5.74,0.00
7104,5.74,0.00
7105,5.74,0.00
7106,5.74,0.00
7107,5.74,0.00
7108,-8.03,0.00
7109,5.74,0.00
7110,-8.03,0.00
7111,-8.03,0.00
7112,-8.03,0.00
7113,-8.03,0.00
7114,-8.03,0.00
7115,-8.03,0.00
7116,-8.03,0.00
7117,5.74,0.00
7118,5.74,0.00
7119,5.74,0.00
7120,5.74,0.00
7121,5.74,0.00
7122,5.74,0.00
7123,5.74,0.00
7124,-8.03,0.00
7125,5.74,0.00
7126,-8.03,0.00
7127,-8.03,0.00
7128,-8.03,0.00
7129,-8.03,0.00
7130,-8.03,0.00
7131,5.74,0.00
7132,-8.03,0.00
7133,5.74,0.00
7134,5.74,0.00
7135,-8.03,0.00
7136,5.74,0.00
7137,5.74,0.00
7138,5.74,0.00
7139,5.74,0.00
7140,5.74,0.00
7141,5.74,0.00
7142,-8.03,0.00
7143,-8.03,0.00
7144,5.74,0.00
7145,-8.03,0.00
7146,-8.03,0.00
7147,-8.03,0.00
7148,-8.03,0.00
7149,5.74,0.00
7150,5.74,0.00
7151,-8.03,0.00
7152,5.74,0.00
7153,5.74,0.00
7154,5.74,0.00
7155,5.74,0.00
7156,5.74,0.00
7157,5.74,0.00
7158,5.74,0.00
7159,-8.03,0.00
7160,-8.03,0.00
7161,-8.03,0.00
7162,-8.03,0.00
7163,-8.03,0.00
7164,-8.03,0.00
7165,-8.03,0.00
7166,5.74,0.00
7167,5.74,0.00
7168,5.74,0.00
7169,5.74,0.00
7170,5.74,0.00
7171,5.74,0.00
7172,5.74,0.00
7173,5.74,0.00
7174,5.74,0.00
7175,-8.03,0.00
7176,5.74,0.00
7177,-8.03,0.00
7178,-8.03,0.00
7179,5.74,0.00
7180,-8.03,0.00
7181,-8.03,0.00
7182,5.74,0.00
7183,5.74,0.00
7184,5.74,0.00
7185,5.74,0.00
7186,5.74,0.00
7187,5.74,0.00
7188,5.74,0.00
7189,5.74,0.00
7190,-8.03,0.00
7191,5.74,0.00
7192,5.74,0.00
7193,-8.03,0.00
7194,5.74,0.00
7195,5.74,0.00
7196,-8.03,0.00
7197,5.74,0.00
7198,-8.03,0.00
7199,-8.03,0.00
7200,5.74,0.00
7201,5.74,0.00
7202,5.74,0.00
7203,5.74,0.00
7204,5.74,0.00
7205,5.74,0.00
7206,5.74,0.00
7207,5.74,0.00
7208,5.74,0.00
7209,-8.03,0.00
7210,-8.03,0.00
7211,-8.03,0.00
7212,-8.03,0.00
7213,-8.03,0.00
7214,-8.03,0.00
7215,-8.03,0.00
7216,5.74,0.00
7217,5.74,0.00
7218,5.74,0.00
7219,5.74,0.00
7220,5.74,0.00
7221,5.74,0.00
7222,5.74,0.00
7223,-8.03,0.00
7224,5.74,0.00
7225,-8.03,0.00
7226,-8.03,0.00
7227,5.74,0.00
7228,-8.03,0.00
7229,-8.03,0.00
7230,-8.03,0.00
7231,-8.03,0.00
7232,5.74,0.00
7233,-8.03,0.00
7234,5.74,0.00
7235,5.74,0.00
7236,5.74,0.00
7237,5.74,0.00
7238,5.74,0.00
7239,-8.03,0.00
7240,5.74,0.00
7241,5.74,0.00
7242,5.74,0.00
7243,5.74,0.00
7244,-8.03,0.00
7245,5.74,0.00
7246,-8.03,0.00
7247,-8.03,0.00
7248,-8.03,0.00
7249,-8.03,0.00
7250,5.74,0.00
7251,-8.03,0.00
7252,5.74,0.00
7253,5.74,0.00
7254,5.74,0.00
7255,5.74,0.00
7256,5.74,0.00
7257,5.74,0.00
7258,5.74,0.00
7259,-8.03,0.00
7260,-8.03,0.00
7261,5.74,0.00
7262,-8.03,0.00
7263,-8.03,0.00
7264,-8.03,0.00
7265,-8.03,0.00
7266,-8.03,0.00
7267,5.74,0.00
7268,5.74,0.00
7269,-8.03,0.00
7270,5.74,0.00
7271,5.74,0.00
7272,5.74,0.00
7273,5.74,0.00
7274,5.74,0.00
7275,-8.03,0.00
7276,5.74,0.00
7277,-8.03,0.00
7278,-8.03,0.00
7279,-8.03,0.00
7280,-8.03,0.00
7281,-8.03,0.00
7282,-8.03,0.00
7283,-8.03,0.00
7284,5.74,0.00
7285,5.74,0.00
7286,-8.03,0.00
7287,5.74,0.00
7288,5.74,0.00
7289,5.74,0.00
7290,5.74,0.00
7291,-8.03,0.00
7292,-8.03,0.00
7293,-8.03,0.00
7294,-8.03,0.00
7295,-8.03,0.00
7296,-8.03,0.00
7297,-8.03,0.00
7298,-8.03,0.00
7299,5.74,0.00
7300,5.74,0.00
7301,-8.03,0.00
7302,5.74,0.00
7303,5.74,0.00
7304,5.74,0.00
7305,5.74,0.00
7306,5.74,0.00
7307,-8.03,0.00
7308,-8.03,0.00
7309,-8.03,0.00
7310,-8.03,0.00
7311,-8.03,0.00
7312,-8.03,0.00
7313,-8.03,0.00
7314,-8.03,0.00
7315,5.74,0.00
7316,5.74,0.00
7317,-8.03,0.00
7318,5.74,0.00
7319,5.74,0.00
7320,5.74,0.00
7321,5.74,0.00
7322,5.74,0.00
7323,5.74,0.00
7324,5.74,0.00
7325,-8.03,0.00
7326,-8.03,0.00
7327,5.74,0.00
7328,-8.03,0.00
7329,-8.03,0.00
7330,-8.03,0.00
7331,5.74,0.00
7332,-8.03,0.00
7333,-8.03,0.00
7334,-8.03,0.00
7335,5.74,0.00
7336,5.74,0.00
7337,5.74,0.00
7338,-8.03,0.00
7339,5.74,0.00
7340,5.74,0.00
7341,-8.03,0.00
7342,5.74,0.00
7343,-8.03,0.00
7344,5.74,0.00
7345,-8.03,0.00
7346,5.74,0.00
7347,-8.03,0.00
7348,-8.03,0.00
7349,-8.03,0.00
7350,-8.03,0.00
7351,5.74,0.00
7352,5.74,0.00
7353,5.74,0.00
7354,5.74,0.00
7355,-8.03,0.00
7356,5.74,0.00
7357,-8.03,0.00
7358,5.74,0.00
7359,-8.03,0.00
7360,5.74,0.00
7361,5.74,0.00
7362,-8.03,0.00
7363,-8.03,0.00
7364,-8.03,0.00
7365,5.74,0.00
7366,-8.03,0.00
7367,5.74,0.00
7368,5.74,0.00
7369,5.74,0.00
7370,5.74,0.00
7371,5.74,0.00
7372,5.74,0.00
7373,5.74,0.00
7374,-8.03,0.00
7375,-8.03,0.00
7376,-8.03,0.00
7377,-8.03,0.00
7378,-8.03,0.00
7379,-8.03,0.00
7380,-8.03,0.00
7381,5.74,0.00
7382,-8.03,0.00
7383,5.74,0.00
7384,-8.03,0.00
7385,5.74,0.00
7386,5.74,0.00
7387,5.74,0.00
7388,5.74,0.00
7389,5.74,0.00
7390,5.74,0.00
7391,5.74,0.00
7392,5.74,0.00
7393,-8.03,0.00
7394,-8.03,0.00
7395,5.74,0.00
7396,5.74,0.00
7397,-8.03,0.00
7398,5.74,0.00
7399,-8.03,0.00
7400,5.74,0.00
7401,5.74,0.00
7402,5.74,0.00
7403,5.74,0.00
7404,5.74,0.00
7405,5.74,0.00
7406,-8.03,0.00
7407,5.74,0.00
7408,-8.03,0.00
7409,5.74,0.00
7410,-8.03,0.00
7411,-8.03,0.00
7412,5.74,0.00
7413,-8.03,0.00
7414,-8.03,0.00
7415,5.74,0.00
7416,-8.03,0.00
7417,-8.03,0.00
7418,5.74,0.00
7419,5.74,0.00
7420,5.74,0.00
7421,5.74,0.00
7422,5.74,0.00
7423,5.74,0.00
7424,-8.03,0.00
7425,5.74,0.00
7426,5.74,0.00
7427,-8.03,0.00
7428,-8.03,0.00
7429,-8.03,0.00
7430,-8.03,0.00
7431,5.74,0.00
7432,5.74,0.00
7433,5.74,0.00
7434,5.74,0.00
7435,5.74,0.00
7436,5.74,0.00
7437,5.74,0.00
7438,19.52,0.00
7439,5.74,0.00
7440,-8.03,0.00
7441,-8.03,0.00
7442,-8.03,0.00
7443,-8.03,0.00
7444,-8.03,0.00
7445,5.74,0.00
7446,-8.03,0.00
7447,-8.03,0.00
7448,-8.03,0.00
7449,-8.03,0.00
7450,5.74,0.00
7451,5.74,0.00
7452,5.74,0.00
7453,5.74,0.00
7454,5.74,0.00
7455,-8.03,0.00
7456,5.74,0.00
7457,5.74,0.00
7458,5.74,0.00
7459,5.74,0.00
7460,-8.03,0.00
7461,5.74,0.00
7462,-8.03,0.00
7463,-8.03,0.00
7464,-8.03,0.00
7465,-8.03,0.00
7466,5.74,0.00
7467,5.74,0.00
7468,5.74,0.00
7469,5.74,0.00
7470,5.74,0.00
7471,5.74,0.00
7472,19.52,0.00
7473,5.74,0.00
7474,5.74,0.00
7475,-8.03,0.00
7476,5.74,0.00
7477,-8.03,0.00
7478,-8.03,0.00
7479,-8.03,0.00
7480,-8.03,0.00
7481,5.74,0.00
7482,-8.03,0.00
7483,5.74,0.00
7484,5.74,0.00
7485,5.74,0.00
7486,5.74,0.00
7487,5.74,0.00
7488,5.74,0.00
7489,5.74,0.00
7490,5.74,0.00
7491,5.74,0.00
7492,-8.03,0.00
7493,-8.03,0.00
7494,-8.03,0.00
7495,-8.03,0.00
7496,-8.03,0.00
7497,-8.03,0.00
7498,-8.03,0.00
7499,5.74,0.00
7500,5.74,0.00
7501,5.74,0.00
7502,19.52,0.00
7503,5.74,0.00
7504,5.74,0.00
7505,-8.03,0.00
7506,5.74,0.00
7507,5.74,0.00
7508,-8.03,0.00
7509,5.74,0.00
7510,-8.03,0.00
7511,5.74,0.00
7512,-8.03,0.00
7513,-8.03,0.00
7514,-8.03,0.00
7515,-8.03,0.00
7516,5.74,0.00
7517,5.74,0.00
7518,5.74,0.00
7519,5.74,0.00
7520,5.74,0.00
7521,5.74,0.00
7522,5.74,0.00
7523,5.74,0.00
7524,5.74,0.00
7525,-8.03,0.00
7526,-8.03,0.00
7527,-8.03,0.00
7528,-8.03,0.00
7529,5.74,0.00
7530,-8.03,0.00
7531,-8.03,0.00
7532,5.74,0.00
7533,5.74,0.00
7534,5.74,0.00
7535,5.74,0.00
7536,5.74,0.00
7537,5.74,0.00
7538,5.74,0.00
7539,5.74,0.00
7540,-8.03,0.00
7541,-8.03,0.00
7542,5.74,0.00
7543,-8.03,0.00
7544,-8.03,0.00
7545,-8.03,0.00
7546,5.74,0.00
7547,-8.03,0.00
7548,-8.03,0.00
7549,-8.03,0.00
7550,5.74,0.00
7551,-8.03,0.00
7552,5.74,0.00
7553,5.74,0.00
7554,5.74,0.00
7555,5.74,0.00
7556,-8.03,0.00
7557,5.74,0.00
7558,-8.03,0.00
7559,-8.03,0.00
7560,5.74,0.00
7561,-8.03,0.00
7562,-8.03,0.00
7563,-8.03,0.00
7564,-8.03,0.00
7565,5.74,0.00
7566,-8.03,0.00
7567,5.74,0.00
7568,5.74,0.00
7569,5.74,0.00
7570,5.74,0.00
7571,5.74,0.00
7572,5.74,0.00
7573,5.74,0.00
7574,-8.03,0.00
7575,-8.03,0.00
7576,-8.03,0.00
7577,-8.03,0.00
7578,-8.03,0.00
7579,-8.03,0.00
7580,-8.03,0.00
7581,-8.03,0.00
7582,-8.03,0.00
7583,5.74,0.00
7584,5.74,0.00
7585,-8.03,0.00
7586,5.74,0.00
7587,5.74,0.00
7588,5.74,0.00
7589,5.74,0.00
7590,5.74,0.00
7591,5.74,0.00
7592,5.74,0.00
7593,5.74,0.00
7594,5.74,0.00
7595,-8.03,0.00
7596,-8.03,0.00
7597,-8.03,0.00
7598,5.74,0.00
7599,5.74,0.00
7600,5.74,0.00
7601,5.74,0.00
7602,5.74,0.00
7603,5.74,0.00
7604,5.74,0.00
7605,5.74,0.00
7606,-8.03,0.00
7607,5.74,0.00
7608,5.74,0.00
7609,-8.03,0.00
7610,5.74,0.00
7611,-8.03,0.00
7612,-8.03,0.00
7613,-8.03,0.00
7614,-8.03,0.00
7615,-8.03,0.00
7616,5.74,0.00
7617,5.74,0.00
7618,5.74,0.00
7619,5.74,0.00
7620,5.74,0.00
7621,5.74,0.00
7622,-8.03,0.00
7623,5.74,0.00
7624,-8.03,0.00
7625,-8.03,0.00
7626,5.74,0.00
7627,-8.03,0.00
7628,-8.03,0.00
7629,-8.03,0.00
7630,-8.03,0.00
7631,5.74,0.00
7632,-8.03,0.00
7633,5.74,0.00
7634,5.74,0.00
7635,5.74,0.00
7636,5.74,0.00
7637,5.74,0.00
7638,5.74,0.00
7639,5.74,0.00
7640,-8.03,0.00
7641,5.74,0.00
7642,-8.03,0.00
7643,-8.03,0.00
7644,-8.03,0.00
7645,-8.03,0.00
7646,5.74,0.00
7647,-8.03,0.00
7648,5.74,0.00
7649,5.74,0.00
7650,5.74,0.00
7651,5.74,0.00
7652,5.74,0.00
7653,5.74,0.00
7654,19.52,0.00
7655,5.74,0.00
7656,5.74,0.00
7657,5.74,0.00
7658,-8.03,0.00
7659,-8.03,0.00
7660,5.74,0.00
7661,-8.03,0.00
7662,-8.03,0.00
7663,-8.03,0.00
7664,-8.03,0.00
7665,-8.03,0.00
7666,5.74,0.00
7667,5.74,0.00
7668,5.74,0.00
7669,5.74,0.00
7670,5.74,0.00
7671,5.74,0.00
7672,-8.03,0.00
7673,5.74,0.00
7674,5.74,0.00
7675,5.74,0.00
7676,5.74,0.00
7677,-8.03,0.00
7678,-8.03,0.00
7679,-8.03,0.00
7680,-8.03,0.00
7681,-8.03,0.00
7682,5.74,0.00
7683,-8.03,0.00
7684,-8.03,0.00
7685,5.74,0.00
7686,5.74,0.00
7687,5.74,0.00
7688,5.74,0.00
7689,5.74,0.00
7690,-8.03,0.00
7691,5.74,0.00
7692,-8.03,0.00
7693,-8.03,0.00
7694,-8.03,0.00
7695,-8.03,0.00
7696,-8.03,0.00
7697,-8.03,0.00
7698,-8.03,0.00
7699,5.74,0.00
7700,5.74,0.00
7701,-8.03,0.00
7702,5.74,0.00
7703,-8.03,0.00
7704,5.74,0.00
7705,5.74,0.00
7706,5.74,0.00
7707,5.74,0.00
7708,5.74,0.00
7709,5.74,0.00
7710,-8.03,0.00
7711,-8.03,0.00
7712,-8.03,0.00
7713,5.74,0.00
7714,-8.03,0.00
7715,5.74,0.00
7716,-8.03,0.00
7717,5.74,0.00
7718,5.74,0.00
7719,5.74,0.00
7720,5.74,0.00
7721,5.74,0.00
7722,5.74,0.00
7723,5.74,0.00
7724,5.74,0.00
7725,5.74,0.00
7726,5.74,0.00
7727,-8.03,0.00
7728,-8.03,0.00
7729,-8.03,0.00
7730,-8.03,0.00
7731,5.74,0.00
7732,5.74,0.00
7733,-8.03,0.00
7734,-8.03,0.00
7735,5.74,0.00
7736,5.74,0.00
7737,5.74,0.00
7738,5.74,0.00
7739,5.74,0.00
7740,5.74,0.00
7741,5.74,0.00
7742,-8.03,0.00
7743,5.74,0.00
7744,-8.03,0.00
7745,-8.03,0.00
7746,5.74,0.00
7747,-8.03,0.00
7748,-8.03,0.00
7749,-8.03,0.00
7750,5.74,0.00
7751,-8.03,0.00
7752,5.74,0.00
7753,5.74,0.00
7754,5.74,0.00
7755,5.74,0.00
7756,5.74,0.00
7757,5.74,0.00
7758,-8.03,0.00
7759,5.74,0.00
7760,-8.03,0.00
7761,-8.03,0.00
7762,-8.03,0.00
7763,-8.03,0.00
7764,-8.03,0.00
7765,-8.03,0.00
7766,5.74,0.00
7767,-8.03,0.00
7768,5.74,0.00
7769,5.74,0.00
7770,5.74,0.00
7771,5.74,0.00
7772,5.74,0.00
7773,5.74,0.00
7774,5.74,0.00
7775,-8.03,0.00
7776,5.74,0.00
7777,-8.03,0.00
7778,-8.03,0.00
7779,-8.03,0.00
7780,-8.03,0.00
7781,-8.03,0.00
7782,-8.03,0.00
7783,5.74,0.00
7784,5.74,0.00
7785,5.74,0.00
7786,5.74,0.00
7787,5.74,0.00
7788,5.74,0.00
7789,-8.03,0.00
7790,5.74,0.00
7791,5.74,0.00
7792,-8.03,0.00
7793,5.74,0.00
7794,-8.03,0.00
7795,-8.03,0.00
7796,-8.03,0.00
7797,-8.03,0.00
7798,-8.03,0.00
7799,-8.03,0.00
7800,5.74,0.00
7801,5.74,0.00
7802,5.74,0.00
7803,5.74,0.00
7804,5.74,0.00
7805,5.74,0.00
7806,5.74,0.00
7807,5.74,0.00
7808,5.74,0.00
7809,5.74,0.00
7810,-8.03,0.00
7811,-21.81,0.00
7812,-8.03,0.00
7813,-8.03,0.00
7814,-8.03,0.00
7815,-8.03,0.00
7816,5.74,0.00
7817,5.74,0.00
7818,5.74,0.00
7819,5.74,0.00
7820,5.74,0.00
7821,5.74,0.00
7822,5.74,0.00
7823,5.74,0.00
7824,5.74,0.00
7825,-8.03,0.00
7826,-8.03,0.00
7827,5.74,0.00
7828,-8.03,0.00
7829,-8.03,0.00
7830,-8.03,0.00
7831,-8.03,0.00
7832,-8.03,0.00
7833,5.74,0.00
7834,5.74,0.00
7835,5.74,0.00
7836,5.74,0.00
7837,5.74,0.00
7838,5.74,0.00
7839,5.74,0.00
7840,5.74,0.00
7841,-8.03,0.00
7842,-8.03,0.00
7843,-8.03,0.00
7844,-8.03,0.00
7845,5.74,0.00
7846,-8.03,0.00
7847,-8.03,0.00
7848,-8.03,0.00
7849,-8.03,0.00
7850,-8.03,0.00
7851,-8.03,0.00
7852,5.74,0.00
7853,5.74,0.00
7854,5.74,0.00
7855,5.74,0.00
7856,5.74,0.00
7857,5.74,0.00
7858,5.74,0.00
7859,-8.03,0.00
7860,5.74,0.00
7861,5.74,0.00
7862,5.74,0.00
7863,-8.03,0.00
7864,5.74,0.00
7865,5.74,0.00
7866,5.74,0.00
7867,5.74,0.00
7868,5.74,0.00
7869,5.74,0.00
7870,5.74,0.00
7871,5.74,0.00
7872,-8.03,0.00
7873,5.74,0.00
7874,5.74,0.00
7875,5.74,0.00
7876,-8.03,0.00
7877,-8.03,0.00
7878,-8.03,0.00
7879,5.74,0.00
7880,5.74,0.00
7881,-8.03,0.00
7882,5.74,0.00
7883,5.74,0.00
7884,-8.03,0.00
7885,5.74,0.00
7886,5.74,0.00
7887,5.74,0.00
7888,-8.03,0.00
7889,5.74,0.00
7890,5.74,0.00
7891,-8.03,0.00
7892,5.74,0.00
7893,-8.03,0.00
7894,5.74,0.00
7895,5.74,0.00
7896,-8.03,0.00
7897,-8.03,0.00
7898,-8.03,0.00
7899,-8.03,0.00
7900,-8.03,0.00
7901,5.74,0.00
7902,5.74,0.00
7903,5.74,0.00
7904,5.74,0.00
7905,5.74,0.00
7906,5.74,0.00
7907,5.74,0.00
7908,5.74,0.00
7909,-8.03,0.00
7910,-8.03,0.00
7911,-8.03,0.00
7912,-8.03,0.00
7913,-8.03,0.00
7914,-8.03,0.00
7915,5.74,0.00
7916,5.74,0.00
7917,5.74,0.00
7918,5.74,0.00
7919,5.74,0.00
7920,5.74,0.00
7921,5.74,0.00
7922,5.74,0.00
7923,5.74,0.00
7924,-8.03,0.00
7925,5.74,0.00
7926,5.74,0.00
7927,5.74,0.00
7928,-8.03,0.00
7929,-8.03,0.00
7930,-8.03,0.00
7931,-8.03,0.00
7932,5.74,0.00
7933,5.74,0.00
7934,-8.03,0.00
7935,5.74,0.00
7936,5.74,0.00
7937,5.74,0.00
7938,5.74,0.00
7939,5.74,0.00
7940,5.74,0.00
7941,5.74,0.00
7942,5.74,0.00
7943,5.74,0.00
7944,-8.03,0.00
7945,-8.03,0.00
7946,-8.03,0.00
7947,-8.03,0.00
7948,-8.03,0.00
7949,-8.03,0.00
7950,5.74,0.00
7951,5.74,0.00
7952,-8.03,0.00
7953,5.74,0.00
7954,5.74,0.00
7955,5.74,0.00
7956,5.74,0.00
7957,-8.03,0.00
7958,5.74,0.00
7959,5.74,0.00
7960,-8.03,0.00
7961,5.74,0.00
7962,-8.03,0.00
7963,-8.03,0.00
7964,-8.03,0.00
7965,-8.03,0.00
7966,-8.03,0.00
7967,5.74,0.00
7968,5.74,0.00
7969,5.74,0.00
7970,5.74,0.00
7971,5.74,0.00
7972,5.74,0.00
7973,5.74,0.00
7974,5.74,0.00
7975,5.74,0.00
7976,5.74,0.00
7977,-8.03,0.00
7978,5.74,0.00
7979,-8.03,0.00
7980,-8.03,0.00
7981,-8.03,0.00
7982,-8.03,0.00
7983,5.74,0.00
7984,5.74,0.00
7985,5.74,0.00
7986,5.74,0.00
7987,5.74,0.00
7988,5.74,0.00
7989,5.74,0.00
7990,5.74,0.00
7991,5.74,0.00
7992,5.74,0.00
7993,-8.03,0.00
7994,-8.03,0.00
7995,-8.03,0.00
7996,-8.03,0.00
7997,-8.03,0.00
7998,-8.03,0.00
7999,-8.03,0.00
8000,-8.03,0.00
8001,5.74,0.00
8002,5.74,0.00
8003,5.74,0.00
8004,5.74,0.00
8005,5.74,0.00
8006,5.74,0.00
8007,5.74,0.00
8008,5.74,0.00
8009,-8.03,0.00
8010,-8.03,0.00
8011,5.74,0.00
8012,-8.03,0.00
8013,-21.81,0.00
8014,5.74,0.00
8015,-8.03,0.00
8016,5.74,0.00
8017,5.74,0.00
8018,5.74,0.00
8019,5.74,0.00
8020,5.74,0.00
8021,5.74,0.00
8022,5.74,0.00
8023,5.74,0.00
8024,5.74,0.00
8025,5.74,0.00
8026,-8.03,0.00
8027,-8.03,0.00
8028,5.74,0.00
8029,-8.03,0.00
8030,-8.03,0.00
8031,-8.03,0.00
8032,5.74,0.00
8033,5.74,0.00
8034,-8.03,0.00
8035,5.74,0.00
8036,5.74,0.00
8037,5.74,0.00
8038,5.74,0.00
8039,-8.03,0.00
8040,5.74,0.00
8041,-8.03,0.00
8042,-8.03,0.00
8043,5.74,0.00
8044,-8.03,0.00
8045,-8.03,0.00
8046,-8.03,0.00
8047,-8.03,0.00
8048,-8.03,0.00
8049,5.74,0.00
8050,-8.03,0.00
8051,-8.03,0.00
8052,5.74,0.00
8053,5.74,0.00
8054,5.74,0.00
8055,5.74,0.00
8056,5.74,0.00
8057,5.74,0.00
8058,-8.03,0.00
8059,5.74,0.00
8060,5.74,0.00
8061,-8.03,0.00
8062,-8.03,0.00
8063,-8.03,0.00
8064,5.74,0.00
8065,-8.03,0.00
8066,-8.03,0.00
8067,-8.03,0.00
8068,5.74,0.00
8069,5.74,0.00
8070,5.74,0.00
8071,5.74,0.00
8072,-8.03,0.00
8073,5.74,0.00
8074,5.74,0.00
8075,-8.03,0.00
8076,5.74,0.00
8077,-8.03,0.00
8078,-8.03,0.00
8079,-8.03,0.00
8080,5.74,0.00
8081,-8.03,0.00
8082,-8.03,0.00
8083,-8.03,0.00
8084,5.74,0.00
8085,5.74,0.00
8086,5.74,0.00
8087,5.74,0.00
8088,5.74,0.00
8089,5.74,0.00
8090,5.74,0.00
8091,5.74,0.00
8092,-8.03,0.00
8093,-8.03,0.00
8094,5.74,0.00
8095,-8.03,0.00
8096,-8.03,0.00
8097,5.74,0.00
8098,-8.03,0.00
8099,-8.03,0.00
8100,5.74,0.00
8101,5.74,0.00
8102,5.74,0.00
8103,5.74,0.00
8104,5.74,0.00
8105,5.74,0.00
8106,5.74,0.00
8107,5.74,0.00
8108,-8.03,0.00
8109,-8.03,0.00
8110,-8.03,0.00
8111,-8.03,0.00
8112,-8.03,0.00
8113,-8.03,0.00
8114,5.74,0.00
8115,-8.03,0.00
8116,5.74,0.00
8117,-8.03,0.00
8118,5.74,0.00
8119,5.74,0.00
8120,5.74,0.00
8121,5.74,0.00
8122,5.74,0.00
8123,5.74,0.00
8124,5.74,0.00
8125,-8.03,0.00
8126,-8.03,0.00
8127,-8.03,0.00
8128,-8.03,0.00
8129,-8.03,0.00
8130,-8.03,0.00
8131,-8.03,0.00
8132,-8.03,0.00
8133,5.74,0.00
8134,-8.03,0.00
8135,-8.03,0.00
8136,5.74,0.00
8137,5.74,0.00
8138,5.74,0.00
8139,5.74,0.00
8140,5.74,0.00
8141,5.74,0.00
8142,5.74,0.00
8143,-8.03,0.00
8144,5.74,0.00
8145,-8.03,0.00
8146,-8.03,0.00
8147,-8.03,0.00
8148,-8.03,0.00
8149,-8.03,0.00
8150,5.74,0.00
8151,5.74,0.00
8152,5.74,0.00
8153,5.74,0.00
8154,5.74,0.00
8155,5.74,0.00
8156,5.74,0.00
8157,5.74,0.00
8158,-8.03,0.00
8159,5.74,0.00
8160,-8.03,0.00
8161,5.74,0.00
8162,-8.03,0.00
8163,-8.03,0.00
8164,-8.03,0.00
8165,-8.03,0.00
8166,-8.03,0.00
8167,5.74,0.00
8168,5.74,0.00
8169,5.74,0.00
8170,5.74,0.00
8171,5.74,0.00
8172,5.74,0.00
8173,5.74,0.00
8174,5.74,0.00
8175,5.74,0.00
8176,-8.03,0.00
8177,-8.03,0.00
8178,-8.03,0.00
8179,-8.03,0.00
8180,-8.03,0.00
8181,-8.03,0.00
8182,5.74,0.00
8183,-8.03,0.00
8184,5.74,0.00
8185,5.74,0.00
8186,5.74,0.00
8187,5.74,0.00
8188,5.74,0.00
8189,5.74,0.00
8190,5.74,0.00
8191,5.74,0.00
8192,-8.03,0.00
8193,5.74,0.00
8194,-8.03,0.00
8195,-8.03,0.00
8196,5.74,0.00
8197,-8.03,0.00
8198,-8.03,0.00
8199,-8.03,0.00
8200,5.74,0.00
8201,5.74,0.00
8202,5.74,0.00
8203,5.74,0.00
8204,5.74,0.00
8205,5.74,0.00
8206,-8.03,0.00
8207,5.74,0.00
8208,-8.03,0.00
8209,-8.03,0.00
8210,-8.03,0.00
8211,-8.03,0.00
8212,-8.03,0.00
8213,-8.03,0.00
8214,5.74,0.00
8215,5.74,0.00
8216,-8.03,0.00
8217,-8.03,0.00
8218,5.74,0.00
8219,5.74,0.00
8220,5.74,0.00
8221,5.74,0.00
8222,5.74,0.00
8223,5.74,0.00
8224,5.74,0.00
8225,5.74,0.00
8226,-8.03,0.00
8227,5.74,0.00
8228,-8.03,0.00
8229,-8.03,0.00
8230,-8.03,0.00
8231,-8.03,0.00
8232,-8.03,0.00
8233,-8.03,0.00
8234,5.74,0.00
8235,5.74,0.00
8236,5.74,0.00
8237,5.74,0.00
8238,5.74,0.00
8239,5.74,0.00
8240,5.74,0.00
8241,-8.03,0.00
8242,5.74,0.00
8243,5.74,0.00
8244,-8.03,0.00
8245,-8.03,0.00
8246,5.74,0.00
8247,5.74,0.00
8248,-8.03,0.00
8249,5.74,0.00
8250,5.74,0.00
8251,5.74,0.00
8252,5.74,0.00
8253,5.74,0.00
8254,5.74,0.00
8255,5.74,0.00
8256,5.74,0.00
8257,5.74,0.00
8258,5.74,0.00
8259,-8.03,0.00
8260,-8.03,0.00
8261,-8.03,0.00
8262,-8.03,0.00
8263,-8.03,0.00
8264,-8.03,0.00
8265,-8.03,0.00
8266,-8.03,0.00
8267,-8.03,0.00
8268,5.74,0.00
8269,5.74,0.00
8270,5.74,0.00
8271,5.74,0.00
8272,5.74,0.00
8273,5.74,0.00
8274,5.74,0.00
8275,-8.03,0.00
8276,5.74,0.00
8277,5.74,0.00
8278,5.74,0.00
8279,-8.03,0.00
8280,-8.03,0.00
8281,-8.03,0.00
8282,5.74,0.00
8283,-8.03,0.00
8284,-8.03,0.00
8285,5.74,0.00
8286,5.74,0.00
8287,5.74,0.00
8288,5.74,0.00
8289,5.74,0.00
8290,5.74,0.00
8291,5.74,0.00
8292,-8.03,0.00
8293,5.74,0.00
8294,-8.03,0.00
8295,-8.03,0.00
8296,-8.03,0.00
8297,-8.03,0.00
8298,-8.03,0.00
8299,-8.03,0.00
8300,5.74,0.00
8301,-8.03,523.60
8302,5.74,523.60
8303,5.74,523.60
8304,5.74,523.60
8305,5.74,523.60
8306,5.74,523.60
8307,5.74,523.60
8308,5.74,523.60
8309,5.74,523.60
8310,19.52,523.60
8311,19.52,523.60
8312,5.74,523.60
8313,19.52,523.60
8314,5.74,523.60
8315,33.30,523.60
8316,33.30,523.60
8317,47.08,523.60
8318,47.08,523.60
8319,60.85,523.60
8320,60.85,523.60
8321,74.63,523.60
8322,74.63,523.60
8323,88.41,523.60
8324,88.41,523.60
8325,88.41,523.60
8326,102.18,523.60
8327,102.18,523.60
8328,115.96,523.60
8329,115.96,523.60
8330,129.74,523.60
8331,129.74,523.60
8332,143.51,523.60
8333,143.51,523.60
8334,157.29,523.60
8335,171.07,523.60
8336,171.07,523.60
8337,184.85,523.60
8338,198.62,523.60
8339,212.40,523.60
8340,212.40,523.60
8341,226.18,523.60
8342,226.18,523.60
8343,239.95,523.60
8344,239.95,523.60
8345,253.73,523.60
8346,267.51,523.60
8347,267.51,523.60
8348,281.28,523.60
8349,295.06,523.60
8350,308.84,523.60
8351,308.84,523.60
8352,322.62,523.60
8353,336.39,523.60
8354,336.39,523.60
8355,350.17,523.60
8356,350.17,523.60
8357,363.95,523.60
8358,363.95,523.60
8359,377.72,523.60
8360,391.50,523.60
8361,391.50,523.60
8362,405.28,523.60
8363,405.28,523.60
8364,419.05,523.60
8365,432.83,523.60
8366,446.61,523.60
8367,529.27,523.60
8368,460.39,523.60
8369,515.49,523.60
8370,474.16,523.60
8371,501.72,523.60
8372,487.94,523.60
8373,501.72,523.60
8374,501.72,523.60
8375,501.72,523.60
8376,515.49,523.60
8377,501.72,523.60
8378,515.49,523.60
8379,515.49,523.60
8380,515.49,523.60
8381,529.27,523.60
8382,529.27,523.60
8383,529.27,523.60
8384,543.05,523.60
8385,543.05,523.60
8386,543.05,523.60
8387,543.05,523.60
8388,556.82,523.60
8389,570.60,523.60
8390,570.60,523.60
8391,570.60,523.60
8392,570.60,523.60
8393,570.60,523.60
8394,570.60,523.60
8395,570.60,523.60
8396,570.60,523.60
8397,570.60,523.60
8398,584.38,523.60
8399,584.38,523.60
8400,598.16,523.60
8401,625.71,523.60
8402,556.82,523.60
8403,570.60,523.60
8404,584.38,523.60
8405,611.93,523.60
8406,694.59,523.60
8407,556.82,523.60
8408,570.60,523.60
8409,584.38,523.60
8410,598.16,523.60
8411,625.71,523.60
8412,556.82,523.60
8413,556.82,523.60
8414,556.82,523.60
8415,556.82,523.60
8416,570.60,523.60
8417,570.60,523.60
8418,584.38,523.60
8419,598.16,523.60
8420,625.71,523.60
8421,543.05,523.60
8422,556.82,523.60
8423,556.82,523.60
8424,556.82,523.60
8425,556.82,523.60
8426,556.82,523.60
8427,543.05,523.60
8428,543.05,523.60
8429,543.05,523.60
8430,543.05,523.60
8431,529.27,523.60
8432,529.27,523.60
8433,529.27,523.60
8434,543.05,523.60
8435,543.05,523.60
8436,543.05,523.60
8437,543.05,523.60
8438,529.27,523.60
8439,529.27,523.60
8440,529.27,523.60
8441,529.27,523.60
8442,515.49,523.60
8443,529.27,523.60
8444,529.27,523.60
8445,529.27,523.60
8446,515.49,523.60
8447,529.27,523.60
8448,515.49,523.60
8449,515.49,523.60
8450,515.49,523.60
8451,529.27,523.60
8452,515.49,523.60
8453,515.49,523.60
8454,529.27,523.60
8455,529.27,523.60
8456,529.27,523.60
8457,515.49,523.60
8458,515.49,523.60
8459,515.49,523.60
8460,515.49,523.60
8461,515.49,523.60
8462,515.49,523.60
8463,515.49,523.60
8464,515.49,523.60
8465,515.49,523.60
8466,515.49,523.60
8467,515.49,523.60
8468,515.49,523.60
8469,515.49,523.60
8470,515.49,523.60
8471,515.49,523.60
8472,515.49,523.60
8473,515.49,523.60
8474,515.49,523.60
8475,515.49,523.60
8476,515.49,523.60
8477,515.49,523.60
8478,515.49,523.60
8479,501.72,523.60
8480,529.27,523.60
8481,515.49,523.60
8482,515.49,523.60
8483,515.49,523.60
8484,515.49,523.60
8485,515.49,523.60
8486,529.27,523.60
8487,515.49,523.60
8488,515.49,523.60
8489,515.49,523.60
8490,515.49,523.60
8491,515.49,523.60
8492,515.49,523.60
8493,515.49,523.60
8494,515.49,523.60
8495,515.49,523.60
8496,515.49,523.60
8497,515.49,523.60
8498,515.49,523.60
8499,529.27,523.60
8500,515.49,523.60
8501,529.27,523.60
8502,515.49,523.60
8503,529.27,523.60
8504,529.27,523.60
8505,529.27,523.60
8506,515.49,523.60
8507,529.27,523.60
8508,529.27,523.60
8509,515.49,523.60
8510,515.49,523.60
8511,529.27,523.60
8512,515.49,523.60
8513,529.27,523.60
8514,515.49,523.60
8515,515.49,523.60
8516,529.27,523.60
8517,529.27,523.60
8518,515.49,523.60
8519,529.27,523.60
8520,529.27,523.60
8521,529.27,523.60
8522,529.27,523.60
8523,529.27,523.60
8524,529.27,523.60
8525,529.27,523.60
8526,515.49,523.60
8527,529.27,523.60
8528,515.49,523.60
8529,529.27,523.60
8530,529.27,523.60
8531,515.49,523.60
8532,529.27,523.60
8533,515.49,523.60
8534,529.27,523.60
8535,529.27,523.60
8536,529.27,523.60
8537,529.27,523.60
8538,529.27,523.60
8539,529.27,523.60
8540,529.27,523.60
8541,529.27,523.60
8542,529.27,523.60
8543,529.27,523.60
8544,529.27,523.60
8545,515.49,523.60
8546,515.49,523.60
8547,515.49,523.60
8548,515.49,523.60
8549,529.27,523.60
8550,529.27,523.60
8551,529.27,523.60
8552,529.27,523.60
8553,543.05,523.60
8554,529.27,523.60
8555,529.27,523.60
8556,529.27,523.60
8557,529.27,523.60
8558,515.49,523.60
8559,529.27,523.60
8560,529.27,523.60
8561,515.49,523.60
8562,515.49,523.60
8563,515.49,523.60
8564,515.49,523.60
8565,529.27,523.60
8566,515.49,523.60
8567,529.27,523.60
8568,529.27,523.60
8569,529.27,523.60
8570,529.27,523.60
8571,529.27,523.60
8572,529.27,523.60
8573,529.27,523.60
8574,529.27,523.60
8575,515.49,523.60
8576,529.27,523.60
8577,515.49,523.60
8578,515.49,523.60
8579,515.49,523.60
8580,515.49,523.60
8581,515.49,523.60
8582,515.49,523.60
8583,529.27,523.60
8584,529.27,523.60
8585,529.27,523.60
8586,529.27,523.60
8587,529.27,523.60
8588,515.49,523.60
8589,529.27,523.60
8590,529.27,523.60
8591,529.27,523.60
8592,529.27,523.60
8593,529.27,523.60
8594,529.27,523.60
8595,515.49,523.60
8596,515.49,523.60
8597,515.49,523.60
8598,515.49,523.60
8599,515.49,523.60
8600,529.27,523.60
8601,529.27,523.60
8602,515.49,523.60
8603,529.27,523.60
8604,529.27,523.60
8605,515.49,523.60
8606,515.49,523.60
8607,529.27,523.60
8608,529.27,523.60
8609,529.27,523.60
8610,529.27,523.60
8611,515.49,523.60
8612,529.27,523.60
8613,529.27,523.60
8614,515.49,523.60
8615,515.49,523.60
8616,529.27,523.60
8617,515.49,523.60
8618,529.27,523.60
8619,529.27,523.60
8620,529.27,523.60
8621,529.27,523.60
8622,529.27,523.60
8623,529.27,523.60
8624,529.27,523.60
8625,515.49,523.60
8626,515.49,523.60
8627,529.27,523.60
8628,515.49,523.60
8629,529.27,523.60
8630,529.27,523.60
8631,515.49,523.60
8632,515.49,523.60
8633,529.27,523.60
8634,529.27,523.60
8635,529.27,523.60
8636,529.27,523.60
8637,529.27,523.60
8638,515.49,523.60
8639,529.27,523.60
8640,529.27,523.60
8641,529.27,523.60
8642,529.27,523.60
8643,529.27,523.60
8644,529.27,523.60
8645,515.49,523.60
8646,515.49,523.60
8647,515.49,523.60
8648,515.49,523.60
8649,529.27,523.60
8650,529.27,523.60
8651,529.27,523.60
8652,529.27,523.60
8653,529.27,523.60
8654,529.27,523.60
8655,529.27,523.60
8656,529.27,523.60
8657,529.27,523.60
8658,529.27,523.60
8659,515.49,523.60
8660,529.27,523.60
8661,515.49,523.60
8662,515.49,523.60
8663,515.49,523.60
8664,515.49,523.60
8665,529.27,523.60
8666,515.49,523.60
8667,529.27,523.60
8668,529.27,523.60
8669,529.27,523.60
8670,529.27,523.60
8671,529.27,523.60
8672,529.27,523.60
8673,529.27,523.60
8674,529.27,523.60
8675,529.27,523.60
8676,515.49,523.60
8677,515.49,523.60
8678,515.49,523.60
8679,515.49,523.60
8680,515.49,523.60
8681,515.49,523.60
8682,529.27,523.60
8683,515.49,523.60
8684,529.27,523.60
8685,529.27,523.60
8686,529.27,523.60
8687,529.27,523.60
8688,529.27,523.60
8689,529.27,523.60
8690,529.27,523.60
8691,529.27,523.60
8692,529.27,523.60
8693,529.27,523.60
8694,515.49,523.60
8695,515.49,523.60
8696,529.27,523.60
8697,515.49,523.60
8698,515.49,523.60
8699,529.27,523.60
8700,515.49,523.60
8701,529.27,523.60
8702,529.27,523.60
8703,529.27,523.60
8704,529.27,523.60
8705,529.27,523.60
8706,529.27,523.60
8707,529.27,523.60
8708,529.27,523.60
8709,515.49,523.60
8710,529.27,523.60
8711,515.49,523.60
8712,515.49,523.60
8713,515.49,523.60
8714,515.49,523.60
8715,515.49,523.60
8716,529.27,523.60
8717,529.27,523.60
8718,529.27,523.60
8719,529.27,523.60
8720,529.27,523.60
8721,529.27,523.60
8722,529.27,523.60
8723,515.49,523.60
8724,529.27,523.60
8725,529.27,523.60
8726,515.49,523.60
8727,529.27,523.60
8728,515.49,523.60
8729,515.49,523.60
8730,529.27,523.60
8731,515.49,523.60
8732,515.49,523.60
8733,529.27,523.60
8734,515.49,523.60
8735,529.27,523.60
8736,529.27,523.60
8737,529.27,523.60
8738,529.27,523.60
8739,529.27,523.60
8740,529.27,523.60
8741,529.27,523.60
8742,515.49,523.60
8743,515.49,523.60
8744,529.27,523.60
8745,515.49,523.60
8746,515.49,523.60
8747,515.49,523.60
8748,515.49,523.60
8749,515.49,523.60
8750,529.27,523.60
8751,529.27,523.60
8752,515.49,523.60
8753,529.27,523.60
8754,529.27,523.60
8755,529.27,523.60
8756,529.27,523.60
8757,529.27,523.60
8758,529.27,523.60
8759,515.49,523.60
8760,515.49,523.60
8761,529.27,523.60
8762,515.49,523.60
8763,515.49,523.60
8764,529.27,523.60
8765,529.27,523.60
8766,515.49,523.60
8767,515.49,523.60
8768,515.49,523.60
8769,529.27,523.60
8770,515.49,523.60
8771,529.27,523.60
8772,529.27,523.60
8773,529.27,523.60
8774,515.49,523.60
8775,529.27,523.60
8776,515.49,523.60
8777,515.49,523.60
8778,515.49,523.60
8779,515.49,523.60
8780,515.49,523.60
8781,515.49,523.60
8782,529.27,523.60
8783,515.49,523.60
8784,529.27,523.60
8785,529.27,523.60
8786,529.27,523.60
8787,529.27,523.60
8788,529.27,523.60
8789,529.27,523.60
8790,529.27,523.60
8791,529.27,523.60
8792,515.49,523.60
8793,529.27,523.60
8794,515.49,523.60
8795,515.49,523.60
8796,515.49,523.60
8797,515.49,523.60
8798,515.49,523.60
8799,515.49,523.60
8800,515.49,523.60
8801,515.49,523.60
8802,529.27,523.60
8803,529.27,523.60
8804,529.27,523.60
8805,529.27,523.60
8806,529.27,523.60
8807,529.27,523.60
8808,515.49,523.60
8809,515.49,523.60
8810,515.49,523.60
8811,515.49,523.60
8812,515.49,523.60
8813,515.49,523.60
8814,515.49,523.60
8815,515.49,523.60
8816,515.49,523.60
8817,515.49,523.60
8818,529.27,523.60
8819,529.27,523.60
8820,529.27,523.60
8821,529.27,523.60
8822,529.27,523.60
8823,529.27,523.60
8824,529.27,523.60
8825,529.27,523.60
8826,515.49,523.60
8827,529.27,523.60
8828,515.49,523.60
8829,529.27,523.60
8830,515.49,523.60
8831,515.49,523.60
8832,515.49,523.60
8833,515.49,523.60
8834,529.27,523.60
8835,515.49,523.60
8836,529.27,523.60
8837,529.27,523.60
8838,529.27,523.60
8839,529.27,523.60
8840,529.27,523.60
8841,529.27,523.60
8842,515.49,523.60
8843,515.49,523.60
8844,529.27,523.60
8845,515.49,523.60
8846,515.49,523.60
8847,515.49,523.60
8848,515.49,523.60
8849,515.49,523.60
8850,529.27,523.60
8851,529.27,523.60
8852,529.27,523.60
8853,529.27,523.60
8854,529.27,523.60
8855,529.27,523.60
8856,529.27,523.60
8857,529.27,523.60
8858,529.27,523.60
8859,515.49,523.60
8860,529.27,523.60
8861,515.49,523.60
8862,515.49,523.60
8863,515.49,523.60
8864,515.49,523.60
8865,529.27,523.60
8866,515.49,523.60
8867,529.27,523.60
8868,529.27,523.60
8869,529.27,523.60
8870,529.27,523.60
8871,529.27,523.60
8872,529.27,523.60
8873,529.27,523.60
8874,529.27,523.60
8875,529.27,523.60
8876,515.49,523.60
8877,529.27,523.60
8878,529.27,523.60
8879,515.49,523.60
8880,529.27,523.60
8881,515.49,523.60
8882,529.27,523.60
8883,529.27,523.60
8884,529.27,523.60
8885,529.27,523.60
8886,529.27,523.60
8887,529.27,523.60
8888,529.27,523.60
8889,529.27,523.60
8890,529.27,523.60
8891,529.27,523.60
8892,529.27,523.60
8893,515.49,523.60
8894,529.27,523.60
8895,515.49,523.60
8896,529.27,523.60
8897,515.49,523.60
8898,515.49,523.60
8899,515.49,523.60
8900,515.49,523.60
8901,529.27,523.60
8902,529.27,523.60
8903,529.27,523.60
8904,529.27,523.60
8905,529.27,523.60
8906,529.27,523.60
8907,529.27,523.60
8908,529.27,523.60
8909,515.49,523.60
8910,529.27,523.60
8911,515.49,523.60
8912,515.49,523.60
8913,515.49,523.60
8914,515.49,523.60
8915,515.49,523.60
8916,515.49,523.60
8917,515.49,523.60
8918,529.27,523.60
8919,529.27,523.60
8920,529.27,523.60
8921,529.27,523.60
8922,529.27,523.60
8923,529.27,523.60
8924,529.27,523.60
8925,529.27,523.60
8926,515.49,523.60
8927,515.49,523.60
8928,529.27,523.60
8929,515.49,523.60
8930,515.49,523.60
8931,515.49,523.60
8932,515.49,523.60
8933,529.27,523.60
8934,515.49,523.60
8935,529.27,523.60
8936,515.49,523.60
8937,529.27,523.60
8938,529.27,523.60
8939,529.27,523.60
8940,529.27,523.60
8941,529.27,523.60
8942,529.27,523.60
8943,515.49,523.60
8944,529.27,523.60
8945,515.49,523.60
8946,515.49,523.60
8947,515.49,523.60
8948,515.49,523.60
8949,515.49,523.60
8950,515.49,523.60
8951,529.27,523.60
8952,529.27,523.60
8953,529.27,523.60
8954,529.27,523.60
8955,529.27,523.60
8956,529.27,523.60
8957,529.27,523.60
8958,529.27,523.60
8959,515.49,523.60
8960,515.49,523.60
8961,529.27,523.60
8962,515.49,523.60
8963,515.49,523.60
8964,515.49,523.60
8965,515.49,523.60
8966,515.49,523.60
8967,515.49,523.60
8968,529.27,523.60
8969,529.27,523.60
8970,529.27,523.60
8971,529.27,523.60
8972,529.27,523.60
8973,529.27,523.60
8974,529.27,523.60
8975,529.27,523.60
8976,529.27,523.60
8977,529.27,523.60
8978,515.49,523.60
8979,529.27,523.60
8980,515.49,523.60
8981,515.49,523.60
8982,515.49,523.60
8983,529.27,523.60
8984,515.49,523.60
8985,529.27,523.60
8986,529.27,523.60
8987,529.27,523.60
8988,529.27,523.60
8989,529.27,523.60
8990,529.27,523.60
8991,529.27,523.60
8992,515.49,523.60
8993,529.27,523.60
8994,529.27,523.60
8995,515.49,523.60
8996,529.27,523.60
8997,515.49,523.60
8998,515.49,523.60
8999,529.27,523.60
9000,529.27,523.60
9001,515.49,523.60
9002,529.27,523.60
9003,529.27,523.60
9004,529.27,523.60
9005,529.27,523.60
9006,515.49,523.60
9007,529.27,523.60
9008,529.27,523.60
9009,529.27,523.60
9010,515.49,523.60
9011,515.49,523.60
9012,515.49,523.60
9013,515.49,523.60
9014,515.49,523.60
9015,515.49,523.60
9016,529.27,523.60
9017,529.27,523.60
9018,529.27,523.60
9019,515.49,523.60
9020,529.27,523.60
9021,529.27,523.60
9022,529.27,523.60
9023,529.27,523.60
9024,529.27,523.60
9025,515.49,523.60
9026,515.49,523.60
9027,529.27,523.60
9028,515.49,523.60
9029,515.49,523.60
9030,515.49,523.60
9031,515.49,523.60
9032,529.27,523.60
9033,515.49,523.60
9034,529.27,523.60
9035,529.27,523.60
9036,529.27,523.60
9037,529.27,523.60
9038,529.27,523.60
9039,529.27,523.60
9040,529.27,523.60
9041,529.27,523.60
9042,529.27,523.60
9043,529.27,523.60
9044,515.49,523.60
9045,529.27,523.60
9046,515.49,523.60
9047,515.49,523.60
9048,515.49,523.60
9049,529.27,523.60
9050,515.49,523.60
9051,515.49,523.60
9052,529.27,523.60
9053,529.27,523.60
9054,529.27,523.60
9055,529.27,523.60
9056,529.27,523.60
9057,529.27,523.60
9058,529.27,523.60
9059,529.27,523.60
9060,529.27,523.60
9061,515.49,523.60
9062,515.49,523.60
9063,515.49,523.60
9064,515.49,523.60
9065,515.49,523.60
9066,515.49,523.60
9067,515.49,523.60
9068,529.27,523.60
9069,529.27,523.60
9070,529.27,523.60
9071,515.49,523.60
9072,529.27,523.60
9073,529.27,523.60
9074,529.27,523.60
9075,529.27,523.60
9076,515.49,523.60
9077,529.27,523.60
9078,515.49,523.60
9079,515.49,523.60
9080,515.49,523.60
9081,515.49,523.60
9082,529.27,523.60
9083,515.49,523.60
9084,529.27,523.60
9085,515.49,523.60
9086,529.27,523.60
9087,529.27,523.60
9088,515.49,523.60
9089,529.27,523.60
9090,529.27,523.60
9091,529.27,523.60
9092,529.27,523.60
9093,515.49,523.60
9094,529.27,523.60
9095,515.49,523.60
9096,529.27,523.60
9097,515.49,523.60
9098,515.49,523.60
9099,515.49,523.60
9100,515.49,523.60
9101,515.49,523.60
9102,529.27,523.60
9103,529.27,523.60
9104,529.27,523.60
9105,529.27,523.60
9106,515.49,523.60
9107,529.27,523.60
9108,529.27,523.60
9109,515.49,523.60
9110,515.49,523.60
9111,515.49,523.60
9112,515.49,523.60
9113,515.49,523.60
9114,529.27,523.60
9115,515.49,523.60
9116,515.49,523.60
9117,529.27,523.60
9118,529.27,523.60
9119,515.49,523.60
9120,529.27,523.60
9121,515.49,523.60
9122,529.27,523.60
9123,529.27,523.60
9124,529.27,523.60
9125,529.27,523.60
9126,515.49,523.60
9127,529.27,523.60
9128,515.49,523.60
9129,515.49,523.60
9130,529.27,523.60
9131,515.49,523.60
9132,529.27,523.60
9133,515.49,523.60
9134,529.27,523.60
9135,529.27,523.60
9136,529.27,523.60
9137,529.27,523.60
9138,515.49,523.60
9139,529.27,523.60
9140,515.49,523.60
9141,529.27,523.60
9142,515.49,523.60
9143,515.49,523.60
9144,515.49,523.60
9145,515.49,523.60
9146,515.49,523.60
9147,515.49,523.60
9148,529.27,523.60
9149,515.49,523.60
9150,529.27,523.60
9151,515.49,523.60
9152,529.27,523.60
9153,529.27,523.60
9154,529.27,523.60
9155,529.27,523.60
9156,529.27,523.60
9157,529.27,523.60
9158,529.27,523.60
9159,529.27,523.60
9160,515.49,523.60
9161,515.49,523.60
9162,529.27,523.60
9163,515.49,523.60
9164,515.49,523.60
9165,515.49,523.60
9166,529.27,523.60
9167,515.49,523.60
9168,529.27,523.60
9169,529.27,523.60
9170,529.27,523.60
9171,529.27,523.60
9172,529.27,523.60
9173,529.27,523.60
9174,529.27,523.60
9175,529.27,523.60
9176,515.49,523.60
9177,515.49,523.60
9178,515.49,523.60
9179,515.49,523.60
9180,515.49,523.60
9181,515.49,523.60
9182,529.27,523.60
9183,515.49,523.60
9184,529.27,523.60
9185,529.27,523.60
9186,529.27,523.60
9187,529.27,523.60
9188,529.27,523.60
9189,529.27,523.60
9190,529.27,523.60
9191,529.27,523.60
9192,515.49,523.60
9193,529.27,523.60
9194,529.27,523.60
9195,515.49,523.60
9196,529.27,523.60
9197,515.49,523.60
9198,529.27,523.60
9199,515.49,523.60
9200,529.27,523.60
9201,529.27,523.60
9202,529.27,523.60
9203,529.27,523.60
9204,529.27,523.60
9205,529.27,523.60
9206,529.27,523.60
9207,529.27,523.60
9208,515.49,523.60
9209,529.27,523.60
9210,515.49,523.60
9211,515.49,523.60
9212,529.27,523.60
9213,515.49,523.60
9214,529.27,523.60
9215,515.49,523.60
9216,515.49,523.60
9217,529.27,523.60
9218,529.27,523.60
9219,529.27,523.60
9220,529.27,523.60
9221,529.27,523.60
9222,529.27,523.60
9223,529.27,523.60
9224,529.27,523.60
9225,543.05,523.60
9226,529.27,523.60
9227,529.27,523.60
9228,515.49,523.60
9229,515.49,523.60
9230,515.49,523.60
9231,515.49,523.60
9232,515.49,523.60
9233,515.49,523.60
9234,529.27,523.60
9235,529.27,523.60
9236,529.27,523.60
9237,515.49,523.60
9238,529.27,523.60
9239,529.27,523.60
9240,529.27,523.60
9241,529.27,523.60
9242,529.27,523.60
9243,529.27,523.60
9244,515.49,523.60
9245,515.49,523.60
9246,515.49,523.60
9247,515.49,523.60
9248,515.49,523.60
9249,515.49,523.60
9250,529.27,523.60
9251,515.49,523.60
9252,529.27,523.60
9253,529.27,523.60
9254,529.27,523.60
9255,529.27,523.60
9256,529.27,523.60
9257,529.27,523.60
9258,515.49,523.60
9259,515.49,523.60
9260,529.27,523.60
9261,515.49,523.60
9262,515.49,523.60
9263,515.49,523.60
9264,529.27,523.60
9265,515.49,523.60
9266,515.49,523.60
9267,515.49,523.60
9268,515.49,523.60
9269,529.27,523.60
9270,529.27,523.60
9271,529.27,523.60
9272,529.27,523.60
9273,529.27,523.60
9274,529.27,523.60
9275,529.27,523.60
9276,515.49,523.60
9277,529.27,523.60
9278,515.49,523.60
9279,515.49,523.60
9280,515.49,523.60
9281,515.49,523.60
9282,529.27,523.60
9283,529.27,523.60
9284,515.49,523.60
9285,529.27,523.60
9286,529.27,523.60
9287,529.27,523.60
9288,529.27,523.60
9289,529.27,523.60
9290,529.27,523.60
9291,529.27,523.60
9292,529.27,523.60
9293,515.49,523.60
9294,529.27,523.60
9295,529.27,523.60
9296,515.49,523.60
9297,515.49,523.60
9298,515.49,523.60
9299,515.49,523.60
9300,529.27,523.60
9301,515.49,523.60
9302,529.27,523.60
9303,529.27,523.60
9304,529.27,523.60
9305,529.27,523.60
9306,529.27,523.60
9307,515.49,523.60
9308,529.27,523.60
9309,529.27,523.60
9310,515.49,523.60
9311,515.49,523.60
9312,515.49,523.60
9313,515.49,523.60
9314,515.49,523.60
9315,515.49,523.60
9316,515.49,523.60
9317,515.49,523.60
9318,529.27,523.60
9319,529.27,523.60
9320,529.27,523.60
9321,529.27,523.60
9322,529.27,523.60
9323,529.27,523.60
9324,529.27,523.60
9325,529.27,523.60
9326,515.49,523.60
9327,529.27,523.60
9328,515.49,523.60
9329,515.49,523.60
9330,529.27,523.60
9331,515.49,523.60
9332,515.49,523.60
9333,529.27,523.60
9334,529.27,523.60
9335,529.27,523.60
9336,529.27,523.60
9337,529.27,523.60
9338,529.27,523.60
9339,529.27,523.60
9340,529.27,523.60
9341,529.27,523.60
9342,529.27,523.60
9343,515.49,523.60
9344,515.49,523.60
9345,529.27,523.60
9346,515.49,523.60
9347,515.49,523.60
9348,515.49,523.60
9349,529.27,523.60
9350,515.49,523.60
9351,515.49,523.60
9352,529.27,523.60
9353,529.27,523.60
9354,529.27,523.60
9355,529.27,523.60
9356,529.27,523.60
9357,529.27,523.60
9358,529.27,523.60
9359,529.27,523.60
9360,515.49,523.60
9361,529.27,523.60
9362,515.49,523.60
9363,515.49,523.60
9364,515.49,523.60
9365,529.27,523.60
9366,515.49,523.60
9367,529.27,523.60
9368,529.27,523.60
9369,529.27,523.60
9370,529.27,523.60
9371,529.27,523.60
9372,529.27,523.60
9373,529.27,523.60
9374,529.27,523.60
9375,529.27,523.60
9376,529.27,523.60
9377,529.27,523.60
9378,529.27,523.60
9379,515.49,523.60
9380,529.27,523.60
9381,515.49,523.60
9382,515.49,523.60
9383,529.27,523.60
9384,515.49,523.60
9385,515.49,523.60
9386,529.27,523.60
9387,529.27,523.60
9388,529.27,523.60
9389,529.27,523.60
9390,529.27,523.60
9391,529.27,523.60
9392,529.27,523.60
9393,529.27,523.60
9394,515.49,523.60
9395,529.27,523.60
9396,515.49,523.60
9397,515.49,523.60
9398,515.49,523.60
9399,529.27,523.60
9400,515.49,523.60
9401,529.27,523.60
9402,529.27,523.60
9403,529.27,523.60
9404,529.27,523.60
9405,529.27,523.60
9406,529.27,523.60
9407,529.27,523.60
9408,515.49,523.60
9409,529.27,523.60
9410,529.27,523.60
9411,515.49,523.60
9412,515.49,523.60
9413,515.49,523.60
9414,515.49,523.60
9415,515.49,523.60
9416,515.49,523.60
9417,529.27,523.60
9418,529.27,523.60
9419,529.27,523.60
9420,529.27,523.60
9421,529.27,523.60
9422,529.27,523.60
9423,529.27,523.60
9424,515.49,523.60
9425,529.27,523.60
9426,515.49,523.60
9427,529.27,523.60
9428,515.49,523.60
9429,515.49,523.60
9430,515.49,523.60
9431,515.49,523.60
9432,515.49,523.60
9433,529.27,523.60
9434,515.49,523.60
9435,529.27,523.60
9436,529.27,523.60
9437,529.27,523.60
9438,529.27,523.60
9439,529.27,523.60
9440,529.27,523.60
9441,529.27,523.60
9442,529.27,523.60
9443,515.49,523.60
9444,515.49,523.60
9445,529.27,523.60
9446,515.49,523.60
9447,515.49,523.60
9448,515.49,523.60
9449,515.49,523.60
9450,529.27,523.60
9451,515.49,523.60
9452,529.27,523.60
9453,529.27,523.60
9454,529.27,523.60
9455,515.49,523.60
9456,529.27,523.60
9457,515.49,523.60
9458,529.27,523.60
9459,515.49,523.60
9460,529.27,523.60
9461,515.49,523.60
9462,515.49,523.60
9463,515.49,523.60
9464,515.49,523.60
9465,515.49,523.60
9466,515.49,523.60
9467,515.49,523.60
9468,529.27,523.60
9469,529.27,523.60
9470,529.27,523.60
9471,529.27,523.60
9472,529.27,523.60
9473,529.27,523.60
9474,529.27,523.60
9475,529.27,523.60
9476,515.49,523.60
9477,529.27,523.60
9478,515.49,523.60
9479,515.49,523.60
9480,515.49,523.60
9481,515.49,523.60
9482,515.49,523.60
9483,529.27,523.60
9484,515.49,523.60
9485,515.49,523.60
9486,529.27,523.60
9487,529.27,523.60
9488,515.49,523.60
9489,529.27,523.60
9490,529.27,523.60
9491,529.27,523.60
9492,515.49,523.60
9493,515.49,523.60
9494,515.49,523.60
9495,529.27,523.60
9496,515.49,523.60
9497,515.49,523.60
9498,501.72,523.60
9499,529.27,523.60
9500,529.27,523.60
9501,515.49,523.60
9502,529.27,523.60
9503,529.27,523.60
9504,529.27,523.60
9505,529.27,523.60
9506,529.27,523.60
9507,529.27,523.60
9508,515.49,523.60
9509,529.27,523.60
9510,529.27,523.60
9511,529.27,523.60
9512,515.49,523.60
9513,529.27,523.60
9514,515.49,523.60
9515,515.49,523.60
9516,515.49,523.60
9517,529.27,523.60
9518,529.27,523.60
9519,515.49,523.60
9520,529.27,523.60
9521,529.27,523.60
9522,529.27,523.60
9523,529.27,523.60
9524,529.27,523.60
9525,515.49,523.60
9526,529.27,523.60
9527,515.49,523.60
9528,515.49,523.60
9529,515.49,523.60
9530,515.49,523.60
9531,515.49,523.60
9532,515.49,523.60
9533,529.27,523.60
9534,529.27,523.60
9535,515.49,523.60
9536,529.27,523.60
9537,529.27,523.60
9538,529.27,523.60
9539,529.27,523.60
9540,529.27,523.60
9541,529.27,523.60
9542,529.27,523.60
9543,515.49,523.60
9544,529.27,523.60
9545,515.49,523.60
9546,515.49,523.60
9547,529.27,523.60
9548,515.49,523.60
9549,529.27,523.60
9550,529.27,523.60
9551,529.27,523.60
9552,529.27,523.60
9553,515.49,523.60
9554,529.27,523.60
9555,529.27,523.60
9556,529.27,523.60
9557,515.49,523.60
9558,529.27,523.60
9559,529.27,523.60
9560,515.49,523.60
9561,515.49,523.60
9562,529.27,523.60
9563,515.49,523.60
9564,515.49,523.60
9565,529.27,523.60
9566,515.49,523.60
9567,515.49,523.60
9568,529.27,523.60
9569,515.49,523.60
9570,529.27,523.60
9571,529.27,523.60
9572,529.27,523.60
9573,529.27,523.60
9574,529.27,523.60
9575,529.27,523.60
9576,529.27,523.60
9577,515.49,523.60
9578,529.27,523.60
9579,515.49,523.60
9580,515.49,523.60
9581,515.49,523.60
9582,515.49,523.60
9583,515.49,523.60
9584,529.27,523.60
9585,529.27,523.60
9586,529.27,523.60
9587,529.27,523.60
9588,529.27,523.60
9589,529.27,523.60
9590,529.27,523.60
9591,529.27,523.60
9592,529.27,523.60
9593,529.27,523.60
9594,515.49,523.60
9595,515.49,523.60
9596,515.49,523.60
9597,515.49,523.60
9598,529.27,523.60
9599,515.49,523.60
9600,529.27,523.60
9601,529.27,523.60
9602,515.49,523.60
9603,529.27,523.60
9604,529.27,523.60
9605,529.27,523.60
9606,529.27,523.60
9607,529.27,523.60
9608,529.27,523.60
9609,515.49,523.60
9610,515.49,523.60
9611,529.27,523.60
9612,515.49,523.60
9613,515.49,523.60
9614,515.49,523.60
9615,515.49,523.60
9616,515.49,523.60
9617,529.27,523.60
9618,515.49,523.60
9619,529.27,523.60
9620,529.27,523.60
9621,529.27,523.60
9622,529.27,523.60
9623,529.27,523.60
9624,529.27,523.60
9625,529.27,523.60
9626,529.27,523.60
9627,529.27,523.60
9628,515.49,523.60
9629,515.49,523.60
9630,529.27,523.60
9631,515.49,523.60
9632,529.27,523.60
9633,529.27,523.60
9634,515.49,523.60
9635,529.27,523.60
9636,529.27,523.60
9637,529.27,523.60
9638,529.27,523.60
9639,529.27,523.60
9640,529.27,523.60
9641,529.27,523.60
9642,529.27,523.60
9643,515.49,523.60
9644,529.27,523.60
9645,515.49,523.60
9646,515.49,523.60
9647,515.49,523.60
9648,529.27,523.60
9649,529.27,523.60
9650,515.49,523.60
9651,529.27,523.60
9652,529.27,523.60
9653,529.27,523.60
9654,529.27,523.60
9655,529.27,523.60
9656,529.27,523.60
9657,515.49,523.60
9658,529.27,523.60
9659,529.27,523.60
9660,515.49,523.60
9661,529.27,523.60
9662,529.27,523.60
9663,515.49,523.60
9664,515.49,523.60
9665,529.27,523.60
9666,515.49,523.60
9667,515.49,523.60
9668,529.27,523.60
9669,529.27,523.60
9670,515.49,523.60
9671,529.27,523.60
9672,529.27,523.60
9673,529.27,523.60
9674,529.27,523.60
9675,529.27,523.60
9676,529.27,523.60
9677,515.49,523.60
9678,529.27,523.60
9679,515.49,523.60
9680,515.49,523.60
9681,515.49,523.60
9682,529.27,523.60
9683,529.27,523.60
9684,515.49,523.60
9685,529.27,523.60
9686,529.27,523.60
9687,529.27,523.60
9688,529.27,523.60
9689,529.27,523.60
9690,529.27,523.60
9691,529.27,523.60
9692,515.49,523.60
9693,529.27,523.60
9694,515.49,523.60
9695,529.27,523.60
9696,515.49,523.60
9697,529.27,523.60
9698,515.49,523.60
9699,529.27,523.60
9700,515.49,523.60
9701,529.27,523.60
9702,515.49,523.60
9703,529.27,523.60
9704,529.27,523.60
9705,529.27,523.60
9706,529.27,523.60
9707,529.27,523.60
9708,529.27,523.60
9709,515.49,523.60
9710,529.27,523.60
9711,515.49,523.60
9712,529.27,523.60
9713,515.49,523.60
9714,515.49,523.60
9715,515.49,523.60
9716,515.49,523.60
9717,529.27,523.60
9718,529.27,523.60
9719,529.27,523.60
9720,529.27,523.60
9721,529.27,523.60
9722,529.27,523.60
9723,529.27,523.60
9724,529.27,523.60
9725,529.27,523.60
9726,529.27,523.60
9727,515.49,523.60
9728,515.49,523.60
9729,515.49,523.60
9730,515.49,523.60
9731,515.49,523.60
9732,515.49,523.60
9733,529.27,523.60
9734,515.49,523.60
9735,515.49,523.60
9736,529.27,523.60
9737,529.27,523.60
9738,529.27,523.60
9739,529.27,523.60
9740,529.27,523.60
9741,529.27,523.60
9742,529.27,523.60
9743,515.49,523.60
9744,515.49,523.60
9745,529.27,523.60
9746,515.49,523.60
9747,515.49,523.60
9748,515.49,523.60
9749,515.49,523.60
9750,529.27,523.60
9751,515.49,523.60
9752,529.27,523.60
9753,529.27,523.60
9754,529.27,523.60
9755,529.27,523.60
9756,529.27,523.60
9757,529.27,523.60
9758,529.27,523.60
9759,515.49,523.60
9760,515.49,523.60
9761,515.49,523.60
9762,529.27,523.60
9763,515.49,523.60
9764,515.49,523.60
9765,515.49,523.60
9766,529.27,523.60
9767,515.49,523.60
9768,529.27,523.60
9769,529.27,523.60
9770,529.27,523.60
9771,529.27,523.60
9772,529.27,523.60
9773,529.27,523.60
9774,529.27,523.60
9775,529.27,523.60
9776,529.27,523.60
9777,515.49,523.60
9778,515.49,523.60
9779,529.27,523.60
9780,515.49,523.60
9781,515.49,523.60
9782,515.49,523.60
9783,515.49,523.60
9784,515.49,523.60
9785,529.27,523.60
9786,529.27,523.60
9787,529.27,523.60
9788,529.27,523.60
9789,529.27,523.60
9790,529.27,523.60
9791,529.27,523.60
9792,529.27,523.60
9793,515.49,523.60
9794,529.27,523.60
9795,515.49,523.60
9796,515.49,523.60
9797,515.49,523.60
9798,515.49,523.60
9799,515.49,523.60
9800,515.49,523.60
9801,515.49,523.60
9802,515.49,523.60
9803,515.49,523.60
9804,529.27,523.60
9805,529.27,523.60
9806,529.27,523.60
9807,529.27,523.60
9808,529.27,523.60
9809,515.49,523.60
9810,529.27,523.60
9811,515.49,523.60
9812,515.49,523.60
9813,515.49,523.60
9814,515.49,523.60
9815,515.49,523.60
9816,529.27,523.60
9817,515.49,523.60
9818,529.27,523.60
9819,529.27,523.60
9820,529.27,523.60
9821,529.27,523.60
9822,515.49,523.60
9823,529.27,523.60
9824,529.27,523.60
9825,515.49,523.60
9826,515.49,523.60
9827,529.27,523.60
9828,515.49,523.60
9829,515.49,523.60
9830,515.49,523.60
9831,515.49,523.60
9832,515.49,523.60
9833,515.49,523.60
9834,515.49,523.60
9835,529.27,523.60
9836,529.27,523.60
9837,529.27,523.60
9838,529.27,523.60
9839,529.27,523.60
9840,529.27,523.60
9841,529.27,523.60
9842,529.27,523.60
9843,529.27,523.60
9844,529.27,523.60
9845,515.49,523.60
9846,515.49,523.60
9847,515.49,523.60
9848,515.49,523.60
9849,529.27,523.60
9850,529.27,523.60
9851,515.49,523.60
9852,529.27,523.60
9853,529.27,523.60
9854,529.27,523.60
9855,515.49,523.60
9856,529.27,523.60
9857,529.27,523.60
9858,529.27,523.60
9859,515.49,523.60
9860,529.27,523.60
9861,529.27,523.60
9862,515.49,523.60
9863,529.27,523.60
9864,515.49,523.60
9865,515.49,523.60
9866,529.27,523.60
9867,529.27,523.60
9868,529.27,523.60
9869,529.27,523.60
9870,515.49,523.60
9871,529.27,523.60
9872,529.27,523.60
9873,529.27,523.60
9874,529.27,523.60
9875,529.27,523.60
9876,515.49,523.60
9877,515.49,523.60
9878,515.49,523.60
9879,515.49,523.60
9880,515.49,523.60
9881,515.49,523.60
9882,515.49,523.60
9883,529.27,523.60
9884,529.27,523.60
9885,529.27,523.60
9886,515.49,523.60
9887,529.27,523.60
9888,529.27,523.60
9889,529.27,523.60
9890,515.49,523.60
9891,529.27,523.60
9892,529.27,523.60
9893,515.49,523.60
9894,529.27,523.60
9895,515.49,523.60
9896,515.49,523.60
9897,515.49,523.60
9898,515.49,523.60
9899,529.27,523.60
9900,529.27,523.60
9901,515.49,523.60
9902,529.27,523.60
9903,529.27,523.60
9904,529.27,523.60
9905,515.49,523.60
9906,529.27,523.60
9907,529.27,523.60
9908,529.27,523.60
9909,515.49,523.60
9910,529.27,523.60
9911,515.49,523.60
9912,529.27,523.60
9913,515.49,523.60
9914,515.49,523.60
9915,515.49,523.60
9916,515.49,523.60
9917,529.27,523.60
9918,529.27,523.60
9919,529.27,523.60
9920,529.27,523.60
9921,529.27,523.60
9922,529.27,523.60
9923,529.27,523.60
9924,515.49,523.60
9925,529.27,523.60
9926,529.27,523.60
9927,515.49,523.60
9928,529.27,523.60
9929,515.49,523.60
9930,515.49,523.60
9931,529.27,523.60
9932,515.49,523.60
9933,515.49,523.60
9934,515.49,523.60
9935,529.27,523.60
9936,515.49,523.60
9937,529.27,523.60
9938,529.27,523.60
9939,529.27,523.60
9940,529.27,523.60
9941,529.27,523.60
9942,529.27,523.60
9943,515.49,523.60
9944,515.49,523.60
9945,529.27,523.60
9946,515.49,523.60
9947,529.27,523.60
9948,515.49,523.60
9949,515.49,523.60
9950,515.49,523.60
9951,515.49,523.60
9952,529.27,523.60
9953,529.27,523.60
9954,529.27,523.60
9955,529.27,523.60
9956,529.27,523.60
9957,529.27,523.60
9958,529.27,523.60
9959,529.27,523.60
9960,515.49,523.60
9961,515.49,523.60
9962,515.49,523.60
9963,529.27,523.60
9964,515.49,523.60
9965,529.27,523.60
9966,515.49,523.60
9967,515.49,523.60
9968,529.27,523.60
9969,529.27,523.60
9970,529.27,523.60
9971,529.27,523.60
9972,529.27,523.60
9973,529.27,523.60
9974,529.27,523.60
9975,529.27,523.60
9976,529.27,523.60
9977,529.27,523.60
9978,529.27,523.60
9979,529.27,523.60
9980,515.49,523.60
9981,529.27,523.60
9982,515.49,523.60
9983,515.49,523.60
9984,515.49,523.60
9985,529.27,523.60
9986,529.27,523.60
9987,529.27,523.60
9988,529.27,523.60
9989,529.27,523.60
9990,529.27,523.60
9991,515.49,523.60
9992,529.27,523.60
9993,529.27,523.60
9994,515.49,523.60
9995,515.49,523.60
9996,515.49,523.60
9997,515.49,523.60
9998,529.27,523.60
9999,515.49,523.60
10000,529.27,523.60
10001,515.49,523.60
10002,529.27,523.60
10003,529.27,523.60
10004,529.27,523.60
10005,529.27,523.60
10006,515.49,523.60
10007,529.27,523.60
10008,529.27,523.60
10009,529.27,523.60
10010,515.49,523.60
10011,529.27,523.60
10012,529.27,523.60
10013,515.49,523.60
10014,515.49,523.60
10015,515.49,523.60
10016,515.49,523.60
10017,515.49,523.60
10018,515.49,523.60
10019,529.27,523.60
10020,529.27,523.60
10021,529.27,523.60
10022,529.27,523.60
10023,529.27,523.60
10024,529.27,523.60
10025,529.27,523.60
10026,529.27,523.60
10027,529.27,523.60
10028,515.49,523.60
10029,515.49,523.60
10030,515.49,523.60
10031,515.49,523.60
10032,515.49,523.60
10033,529.27,523.60
10034,515.49,523.60
10035,529.27,523.60
10036,529.27,523.60
10037,529.27,523.60
10038,529.27,523.60
10039,529.27,523.60
10040,529.27,523.60
10041,529.27,523.60
10042,529.27,523.60
10043,515.49,523.60
10044,529.27,523.60
10045,515.49,523.60
10046,515.49,523.60
10047,515.49,523.60
10048,529.27,523.60
10049,515.49,523.60
10050,529.27,523.60
10051,529.27,523.60
10052,529.27,523.60
10053,529.27,523.60
10054,529.27,523.60
10055,515.49,523.60
10056,529.27,523.60
10057,529.27,523.60
10058,529.27,523.60
10059,529.27,523.60
10060,529.27,523.60
10061,529.27,523.60
10062,515.49,523.60
10063,515.49,523.60
10064,515.49,523.60
10065,515.49,523.60
10066,529.27,523.60
